date,open,high,low,close,volume
1549541640.0,8.0757,8.08,8.0691,8.0773,2500.92
1549541700.0,8.0756,8.0783,8.06,8.0606,5065.92
1549541760.0,8.0655,8.0655,8.0432,8.0549,4212.39
1549541820.0,8.0549,8.0623,8.0414,8.0488,2092.32
1549541880.0,8.0426,8.0769,8.041,8.0769,3981.57
1549541940.0,8.0772,8.0857,8.0772,8.0855,2039.61
1549542000.0,8.0855,8.0857,8.0791,8.0798,2099.89
1549542060.0,8.08,8.0818,8.0421,8.0421,5370.5
1549542120.0,8.0414,8.0612,8.037,8.0549,5331.63
1549542180.0,8.047,8.0807,8.0469,8.0689,4345.78
1549542240.0,8.0734,8.081,8.0718,8.0801,2969.72
1549542300.0,8.08,8.0819,8.0775,8.0812,3383.61
1549542360.0,8.0822,8.0829,8.0742,8.0744,4354.59
1549542420.0,8.0821,8.0822,8.0809,8.0821,4027.85
1549542480.0,8.0822,8.09,8.08,8.09,4095.95
1549542540.0,8.0867,8.11,8.0867,8.1077,6970.16
1549542600.0,8.1085,8.1186,8.0935,8.114,7382.25
1549542660.0,8.115,8.1273,8.115,8.1235,3411.29
1549542720.0,8.1235,8.1273,8.1161,8.1176,2635.18
1549542780.0,8.1161,8.1198,8.1134,8.1149,6353.72
1549542840.0,8.1149,8.115,8.1077,8.1081,2058.12
1549542900.0,8.1082,8.1082,8.1025,8.1069,583.04
1549542960.0,8.1021,8.1172,8.102,8.1172,2148.13
1549543020.0,8.1131,8.1235,8.1131,8.1211,3577.46
1549543080.0,8.125,8.125,8.1167,8.1209,2784.81
1549543140.0,8.1214,8.1421,8.1214,8.1329,4323.16
1549543200.0,8.1329,8.1352,8.1249,8.1267,3531.06
1549543260.0,8.1288,8.1329,8.121,8.121,2791.57
1549543320.0,8.122,8.1257,8.1142,8.115,810.38
1549543380.0,8.1194,8.1194,8.1052,8.1155,2852.71
1549543440.0,8.1077,8.1155,8.1014,8.1014,3740.85
1549543500.0,8.1099,8.1156,8.1066,8.1156,2326.77
1549543560.0,8.1172,8.1193,8.1125,8.1154,2321.31
1549543620.0,8.1198,8.12,8.113,8.1188,2773.1
1549543680.0,8.1186,8.1186,8.11,8.11,2662.2
1549543740.0,8.1075,8.11,8.102,8.1099,3443.23
1549543800.0,8.1152,8.1153,8.108,8.1085,3718.34
1549543860.0,8.1098,8.1098,8.1,8.1072,2826.75
1549543920.0,8.1072,8.1072,8.0862,8.0862,2288.32
1549543980.0,8.0857,8.0919,8.0577,8.0577,2301.55
1549544040.0,8.071,8.071,8.0561,8.06,4329.76
1549544100.0,8.06,8.0618,8.0424,8.0546,5024.33
1549544160.0,8.0546,8.0976,8.0502,8.0932,7438.32
1549544220.0,8.0941,8.0941,8.0801,8.0896,1939.66
1549544280.0,8.0901,8.093,8.0813,8.093,4464.54
1549544340.0,8.0869,8.093,8.0859,8.0859,1280.28
1549544400.0,8.0864,8.1083,8.0811,8.1083,5045.99
1549544460.0,8.1018,8.1121,8.1015,8.1083,3294.21
1549544520.0,8.1083,8.1129,8.1002,8.11,3309.39
1549544580.0,8.1101,8.1142,8.1043,8.1142,2490.36
1549544640.0,8.1141,8.1141,8.0868,8.0998,3533.98
1549544700.0,8.0954,8.0976,8.0945,8.0945,2093.57
1549544760.0,8.0927,8.1069,8.0867,8.1069,1269.1
1549544820.0,8.1027,8.1055,8.1026,8.1055,1690.0
1549544880.0,8.1036,8.1081,8.0983,8.1007,2450.26
1549544940.0,8.1078,8.1091,8.087,8.0918,2904.39
1549545000.0,8.0869,8.1041,8.0869,8.1041,2491.94
1549545060.0,8.0998,8.1078,8.0997,8.1019,1797.3
1549545120.0,8.1028,8.1055,8.0767,8.0767,3712.49
1549545180.0,8.0817,8.0821,8.0715,8.0793,3019.87
1549545240.0,8.0796,8.0908,8.0793,8.0884,5451.8
1549545300.0,8.0876,8.1086,8.0876,8.1086,2489.91
1549545360.0,8.11,8.1428,8.11,8.1398,4833.54
1549545420.0,8.14,8.1483,8.1329,8.1483,4818.48
1549545480.0,8.1497,8.1666,8.147,8.1666,18980.1
1549545540.0,8.1668,8.1921,8.1659,8.1806,6951.29
1549545600.0,8.1867,8.199,8.1818,8.1969,3827.35
1549545660.0,8.1882,8.199,8.1855,8.187,5802.71
1549545720.0,8.187,8.19,8.1808,8.1899,2626.76
1549545780.0,8.1863,8.1899,8.1845,8.1869,736.88
1549545840.0,8.1897,8.1903,8.1819,8.1898,1798.82
1549545900.0,8.1897,8.19,8.164,8.1647,7559.12
1549545960.0,8.1632,8.1632,8.102,8.108,10811.5
1549546020.0,8.1106,8.1211,8.1032,8.1103,3162.82
1549546080.0,8.1046,8.1203,8.1046,8.1203,3175.28
1549546140.0,8.1203,8.1203,8.1106,8.111,1991.62
1549546200.0,8.1107,8.1298,8.1106,8.1298,7342.45
1549546260.0,8.1293,8.13,8.097,8.1055,4243.04
1549546320.0,8.1044,8.1073,8.0984,8.1073,1365.94
1549546380.0,8.1101,8.13,8.1099,8.13,4160.01
1549546440.0,8.1324,8.1394,8.1224,8.1371,4882.21
1549546500.0,8.1345,8.1479,8.1345,8.1437,1703.9
1549546560.0,8.1479,8.1632,8.1457,8.1632,1096.88
1549546620.0,8.1574,8.1597,8.1502,8.1559,4984.6
1549546680.0,8.1569,8.1569,8.143,8.1494,1540.35
1549546740.0,8.1492,8.1632,8.1492,8.1632,1575.53
1549546800.0,8.1608,8.17,8.1599,8.1643,5554.37
1549546860.0,8.1688,8.1867,8.1688,8.1857,2518.08
1549546920.0,8.181,8.1857,8.1776,8.1814,3319.1
1549546980.0,8.1857,8.1868,8.17,8.1714,3305.57
1549547040.0,8.1718,8.1789,8.1717,8.1787,2657.3
1549547100.0,8.1788,8.1799,8.1721,8.1749,2389.96
1549547160.0,8.1797,8.1799,8.1749,8.1798,2460.41
1549547220.0,8.1798,8.18,8.1732,8.1742,4016.61
1549547280.0,8.1733,8.1742,8.1509,8.1583,9376.66
1549547340.0,8.1575,8.1575,8.15,8.1535,2708.76
1549547400.0,8.1502,8.1504,8.1434,8.1434,3908.79
1549547460.0,8.1435,8.1673,8.1435,8.1598,5265.04
1549547520.0,8.1599,8.1611,8.1479,8.1479,3994.46
1549547580.0,8.1501,8.1529,8.1433,8.1508,3543.87
1549547640.0,8.1508,8.1509,8.133,8.1393,5419.56
1549547700.0,8.1387,8.1387,8.133,8.1386,4709.44
1549547760.0,8.1331,8.1386,8.125,8.1306,3364.86
1549547820.0,8.1255,8.1255,8.0991,8.1139,7912.37
1549547880.0,8.1138,8.1267,8.1003,8.1267,4362.53
1549547940.0,8.1192,8.1374,8.1132,8.1132,5534.82
1549548000.0,8.1209,8.1209,8.0837,8.09,6758.22
1549548060.0,8.095,8.1225,8.095,8.1223,4746.62
1549548120.0,8.1177,8.1249,8.1098,8.1098,2057.82
1549548180.0,8.1199,8.1223,8.0939,8.105,3290.58
1549548240.0,8.104,8.104,8.0868,8.0906,4455.08
1549548300.0,8.0868,8.0935,8.0867,8.088,2596.48
1549548360.0,8.088,8.088,8.06,8.0676,7221.33
1549548420.0,8.0681,8.069,8.0624,8.0684,1403.17
1549548480.0,8.0683,8.0783,8.0683,8.0781,1346.65
1549548540.0,8.0748,8.0825,8.0693,8.0727,1985.59
1549548600.0,8.0742,8.0944,8.0741,8.0855,4043.9
1549548660.0,8.0906,8.0931,8.0844,8.0926,3406.86
1549548720.0,8.0926,8.1,8.0926,8.0955,2177.12
1549548780.0,8.1,8.1068,8.0954,8.105,1965.77
1549548840.0,8.1,8.1048,8.0886,8.0886,2764.95
1549548900.0,8.0894,8.0894,8.085,8.0875,1591.06
1549548960.0,8.0875,8.0905,8.0724,8.085,3351.25
1549549020.0,8.085,8.094,8.085,8.094,161.23
1549549080.0,8.094,8.094,8.0813,8.0932,2418.14
1549549140.0,8.0932,8.0948,8.0728,8.0872,1171.91
1549549200.0,8.0871,8.0899,8.0723,8.079,3986.08
1549549260.0,8.0758,8.0815,8.0701,8.0774,2113.38
1549549320.0,8.0772,8.0782,8.0608,8.0761,5357.05
1549549380.0,8.071,8.0867,8.0674,8.0867,2190.78
1549549440.0,8.0784,8.0784,8.069,8.0736,1226.1
1549549500.0,8.0683,8.0766,8.0657,8.0748,1992.57
1549549560.0,8.0721,8.0734,8.06,8.0652,5430.65
1549549620.0,8.0651,8.0669,8.0601,8.0601,2542.43
1549549680.0,8.0624,8.075,8.0624,8.0743,1136.3
1549549740.0,8.0793,8.0793,8.0665,8.0755,3440.58
1549549800.0,8.0755,8.0757,8.0713,8.0754,1100.5
1549549860.0,8.0792,8.0823,8.0715,8.0823,4694.02
1549549920.0,8.0801,8.1045,8.073,8.1045,2668.48
1549549980.0,8.1012,8.1012,8.0732,8.0732,1935.16
1549550040.0,8.0733,8.0791,8.0561,8.0624,3667.2
1549550100.0,8.061,8.071,8.0561,8.066,5944.2
1549550160.0,8.0659,8.0899,8.0659,8.0779,3373.46
1549550220.0,8.0893,8.0893,8.0714,8.0777,762.14
1549550280.0,8.0788,8.082,8.0787,8.0819,318.54
1549550340.0,8.082,8.087,8.0819,8.0851,872.82
1549550400.0,8.0858,8.0907,8.085,8.0907,1264.22
1549550460.0,8.0888,8.0908,8.0714,8.0782,2203.6
1549550520.0,8.0656,8.0656,8.0522,8.0627,1280.09
1549550580.0,8.0648,8.0649,8.0505,8.0575,1559.06
1549550640.0,8.0574,8.0709,8.0504,8.065,3674.06
1549550700.0,8.0653,8.0766,8.065,8.0697,1161.31
1549550760.0,8.0752,8.0789,8.0734,8.0734,1178.77
1549550820.0,8.0733,8.0789,8.0686,8.0686,1293.42
1549550880.0,8.0699,8.07,8.0532,8.0675,3995.96
1549550940.0,8.0621,8.0621,8.05,8.0537,4086.83
1549551000.0,8.0538,8.06,8.0537,8.06,4295.94
1549551060.0,8.06,8.0677,8.0581,8.0622,1338.42
1549551120.0,8.0621,8.0668,8.06,8.062,1600.9
1549551180.0,8.0665,8.07,8.061,8.0696,1326.46
1549551240.0,8.0659,8.0693,8.06,8.06,1536.9
1549551300.0,8.0628,8.063,8.06,8.06,657.08
1549551360.0,8.0633,8.0638,8.06,8.0634,2539.09
1549551420.0,8.0623,8.0656,8.06,8.0641,4047.15
1549551480.0,8.0656,8.0683,8.0621,8.0682,2226.18
1549551540.0,8.0672,8.068,8.0602,8.068,2882.67
1549551600.0,8.0632,8.0681,8.0631,8.0675,1899.64
1549551660.0,8.0663,8.0674,8.0611,8.0647,2831.27
1549551720.0,8.0674,8.0674,8.0524,8.0674,1649.52
1549551780.0,8.0618,8.0672,8.0555,8.0559,198.4
1549551840.0,8.0596,8.0648,8.0507,8.0573,4317.47
1549551900.0,8.0565,8.0601,8.0507,8.0584,5376.15
1549551960.0,8.056,8.0624,8.05,8.0613,2985.67
1549552020.0,8.0607,8.0607,8.0558,8.0569,3461.91
1549552080.0,8.0607,8.0607,8.0506,8.0598,3749.51
1549552140.0,8.0574,8.0574,8.05,8.0561,5165.58
1549552200.0,8.0576,8.0599,8.0408,8.0468,6966.78
1549552260.0,8.0428,8.0468,8.0412,8.0442,6067.17
1549552320.0,8.0442,8.0442,8.0385,8.04,5137.8
1549552380.0,8.0401,8.0401,8.0323,8.0323,6556.15
1549552440.0,8.0349,8.05,8.0338,8.0462,8347.04
1549552500.0,8.0438,8.0438,8.02,8.0264,18059.92
1549552560.0,8.0259,8.0274,8.0,8.0123,14874.99
1549552620.0,8.0122,8.021,8.0,8.0099,8565.25
1549552680.0,8.0099,8.0127,8.0019,8.0075,2979.53
1549552740.0,8.0099,8.0373,8.0099,8.0369,6152.96
1549552800.0,8.0353,8.0561,8.0332,8.0561,4355.81
1549552860.0,8.0561,8.0604,8.0078,8.0243,9658.02
1549552920.0,8.0196,8.0198,7.9948,7.9999,11684.11
1549552980.0,8.0,8.0113,8.0,8.009,7529.77
1549553040.0,8.009,8.0134,8.0071,8.01,2352.25
1549553100.0,8.0071,8.0096,8.006,8.0085,5001.84
1549553160.0,8.0078,8.0141,8.0066,8.0069,7167.52
1549553220.0,8.0089,8.0131,8.0066,8.0078,4208.28
1549553280.0,8.0066,8.0078,8.0066,8.0078,1786.37
1549553340.0,8.0077,8.0342,8.0076,8.0342,9642.89
1549553400.0,8.0342,8.0449,8.0314,8.0447,5715.05
1549553460.0,8.0443,8.0656,8.0436,8.0559,5300.8
1549553520.0,8.0605,8.068,8.0561,8.065,4044.88
1549553580.0,8.0656,8.0699,8.0656,8.0673,6363.86
1549553640.0,8.066,8.0699,8.0487,8.0575,6176.29
1549553700.0,8.0554,8.0575,8.0408,8.0408,7117.26
1549553760.0,8.0409,8.0409,8.0289,8.0405,5483.5
1549553820.0,8.0344,8.0344,8.01,8.0137,5909.98
1549553880.0,8.0103,8.0148,8.0085,8.0085,6427.08
1549553940.0,8.01,8.0206,7.99,7.99,12459.19
1549554000.0,7.9999,8.0333,7.9877,8.0277,9126.77
1549554060.0,8.0271,8.0271,8.0132,8.014,3899.25
1549554120.0,8.0128,8.0267,8.0102,8.024,4054.81
1549554180.0,8.0251,8.0278,8.007,8.0251,6369.65
1549554240.0,8.0304,8.0401,8.02,8.02,4683.62
1549554300.0,8.0213,8.0233,8.0122,8.0161,2836.02
1549554360.0,8.0166,8.0191,8.0,8.0,5770.44
1549554420.0,8.0156,8.0156,7.985,7.9921,5115.71
1549554480.0,7.9924,7.997,7.9795,7.9798,4406.28
1549554540.0,7.98,8.0023,7.976,8.0023,8990.27
1549554600.0,8.004,8.0067,7.9953,8.0062,7966.65
1549554660.0,8.0078,8.0078,8.0029,8.0045,6090.58
1549554720.0,8.0055,8.0093,7.99,7.9907,5775.67
1549554780.0,7.989,7.9923,7.9768,7.9878,6185.57
1549554840.0,7.9771,7.9875,7.9736,7.9736,3945.35
1549554900.0,7.9799,7.9948,7.9736,7.9894,6331.71
1549554960.0,7.9804,7.99,7.9799,7.9839,2789.96
1549555020.0,7.9844,7.99,7.9843,7.99,1617.78
1549555080.0,7.9917,7.9998,7.9903,7.9998,1672.12
1549555140.0,7.993,8.0,7.9839,7.9917,4215.92
1549555200.0,7.9917,7.9918,7.98,7.9801,4164.61
1549555260.0,7.9822,7.9852,7.9805,7.9805,6446.63
1549555320.0,7.98,7.9929,7.98,7.9929,6257.0
1549555380.0,7.9899,8.0078,7.9862,8.0078,7310.39
1549555440.0,8.0078,8.025,8.0072,8.0205,3549.1
1549555500.0,8.0186,8.0233,7.9897,7.9897,5530.59
1549555560.0,7.9867,7.9867,7.9719,7.9773,5595.65
1549555620.0,7.9753,7.9773,7.968,7.968,5917.59
1549555680.0,7.9697,7.9773,7.9648,7.965,8158.62
1549555740.0,7.965,7.9772,7.9648,7.97,5175.24
1549555800.0,7.97,7.97,7.9648,7.9649,7637.69
1549555860.0,7.9648,7.9667,7.9642,7.9666,4539.34
1549555920.0,7.9643,7.97,7.9614,7.9619,4043.98
1549555980.0,7.9621,7.97,7.96,7.9686,7460.94
1549556040.0,7.9686,7.9686,7.9601,7.9613,2868.67
1549556100.0,7.9681,7.9681,7.956,7.9565,2772.69
1549556160.0,7.9622,7.9622,7.9552,7.9598,4125.2
1549556220.0,7.9578,7.9598,7.946,7.9522,18793.52
1549556280.0,7.9461,7.9547,7.946,7.9547,5026.43
1549556340.0,7.9563,7.9625,7.9547,7.9593,5822.22
1549556400.0,7.9593,7.9624,7.9554,7.9588,1366.59
1549556460.0,7.9624,7.9685,7.9605,7.9632,8063.77
1549556520.0,7.9632,7.9693,7.9622,7.9693,6105.36
1549556580.0,7.9693,7.9747,7.9693,7.9704,3915.96
1549556640.0,7.9747,7.9773,7.971,7.9773,11047.66
1549556700.0,7.9752,7.9773,7.9702,7.9702,10124.6
1549556760.0,7.9772,7.9773,7.9713,7.9765,7289.89
1549556820.0,7.977,7.9773,7.9713,7.977,8423.07
1549556880.0,7.9772,7.9875,7.9744,7.977,15259.72
1549556940.0,7.977,7.9838,7.96,7.96,5035.57
1549557000.0,7.968,7.9708,7.946,7.9507,11036.18
1549557060.0,7.9506,7.9506,7.9402,7.9451,4549.08
1549557120.0,7.9448,7.9503,7.94,7.94,6756.82
1549557180.0,7.94,7.9442,7.921,7.921,13384.67
1549557240.0,7.9222,7.9353,7.9202,7.9353,8327.54
1549557300.0,7.9333,7.9333,7.9275,7.933,4710.28
1549557360.0,7.93,7.94,7.926,7.9344,3920.48
1549557420.0,7.9314,7.9422,7.9295,7.9407,5608.55
1549557480.0,7.9407,7.9408,7.9297,7.9303,3584.12
1549557540.0,7.9323,7.9334,7.9201,7.9207,2922.99
1549557600.0,7.924,7.9242,7.911,7.911,7067.23
1549557660.0,7.9184,7.92,7.911,7.9178,4178.34
1549557720.0,7.9134,7.9134,7.866,7.8766,27034.05
1549557780.0,7.8693,7.8848,7.866,7.877,10657.42
1549557840.0,7.882,7.882,7.8748,7.8748,6715.53
1549557900.0,7.8748,7.8754,7.8659,7.8659,6917.42
1549557960.0,7.8659,7.8822,7.8659,7.8775,8980.06
1549558020.0,7.8791,7.8955,7.8701,7.8951,11504.67
1549558080.0,7.8951,7.9208,7.8951,7.9206,8211.72
1549558140.0,7.9207,7.9518,7.9207,7.9517,2490.97
1549558200.0,7.95,7.9552,7.934,7.9458,4225.05
1549558260.0,7.9459,7.9536,7.9093,7.9222,5350.25
1549558320.0,7.9137,7.921,7.904,7.9109,3239.35
1549558380.0,7.91,7.91,7.895,7.895,6608.23
1549558440.0,7.8951,7.8951,7.8877,7.8896,2886.76
1549558500.0,7.9021,7.9058,7.8877,7.9058,4503.07
1549558560.0,7.9108,7.939,7.9106,7.9387,4130.01
1549558620.0,7.9342,7.9417,7.899,7.899,6651.76
1549558680.0,7.8981,7.9093,7.8914,7.9012,2978.64
1549558740.0,7.8943,7.8978,7.8861,7.8906,7818.47
1549558800.0,7.8959,7.9014,7.8686,7.9004,4679.62
1549558860.0,7.9026,7.9151,7.9014,7.9096,5302.04
1549558920.0,7.9081,7.9081,7.8902,7.8922,3417.16
1549558980.0,7.8922,7.8945,7.8877,7.892,1761.5
1549559040.0,7.8923,7.9134,7.8878,7.9017,2630.61
1549559100.0,7.9021,7.9066,7.8879,7.8884,5016.36
1549559160.0,7.8884,7.9097,7.8884,7.9018,6890.0
1549559220.0,7.9018,7.9183,7.8989,7.9183,4349.68
1549559280.0,7.9181,7.9336,7.9181,7.93,4286.04
1549559340.0,7.9335,7.9335,7.8979,7.8989,4211.41
1549559400.0,7.9053,7.909,7.893,7.8978,3050.7
1549559460.0,7.8978,7.9224,7.8962,7.9223,3603.1
1549559520.0,7.9178,7.9387,7.9177,7.9387,3009.51
1549559580.0,7.9391,7.9391,7.928,7.9357,1037.05
1549559640.0,7.9317,7.9317,7.8882,7.8955,5008.91
1549559700.0,7.8954,7.9041,7.89,7.8959,4145.98
1549559760.0,7.9015,7.9313,7.9014,7.9289,3405.82
1549559820.0,7.9245,7.9286,7.9172,7.9196,4686.99
1549559880.0,7.9194,7.923,7.9,7.9068,3673.01
1549559940.0,7.9041,7.9182,7.9041,7.906,5720.16
1549560000.0,7.906,7.9207,7.906,7.9111,2211.36
1549560060.0,7.9172,7.9256,7.9136,7.9169,6150.18
1549560120.0,7.9174,7.9256,7.9173,7.9256,2461.23
1549560180.0,7.9256,7.9258,7.9198,7.9254,4064.85
1549560240.0,7.9289,7.9399,7.9256,7.934,4789.01
1549560300.0,7.9318,7.9415,7.9286,7.9369,5448.95
1549560360.0,7.9394,7.9472,7.938,7.9472,3089.89
1549560420.0,7.9472,7.9512,7.9412,7.9478,1576.73
1549560480.0,7.9474,7.9652,7.9446,7.9652,1776.25
1549560540.0,7.9607,7.9795,7.9607,7.9776,1332.01
1549560600.0,7.9725,7.99,7.9725,7.99,6603.69
1549560660.0,7.9901,7.9998,7.9804,7.9908,5939.73
1549560720.0,7.99,7.99,7.9552,7.96,4794.61
1549560780.0,7.9555,7.9555,7.9202,7.9329,5131.23
1549560840.0,7.9302,7.9313,7.924,7.9309,2442.81
1549560900.0,7.9295,7.9396,7.92,7.9257,650.65
1549560960.0,7.9186,7.921,7.9034,7.9112,2305.69
1549561020.0,7.9123,7.9367,7.9082,7.9367,3799.34
1549561080.0,7.9288,7.9408,7.9287,7.9408,1410.47
1549561140.0,7.9435,7.9531,7.9404,7.9445,2392.82
1549561200.0,7.9449,7.9475,7.9019,7.908,4667.89
1549561260.0,7.908,7.9151,7.9,7.9025,2246.13
1549561320.0,7.9025,7.936,7.9009,7.9241,3964.26
1549561380.0,7.9375,7.9379,7.9206,7.9206,3337.02
1549561440.0,7.92,7.9206,7.9053,7.915,1644.19
1549561500.0,7.9253,7.928,7.9158,7.9158,3064.73
1549561560.0,7.9139,7.9186,7.9073,7.9122,3558.04
1549561620.0,7.9103,7.917,7.9102,7.9116,4695.16
1549561680.0,7.9169,7.9258,7.9121,7.9143,2314.97
1549561740.0,7.9196,7.9225,7.9189,7.9225,1542.06
1549561800.0,7.9193,7.9193,7.9065,7.9065,4330.72
1549561860.0,7.9086,7.9126,7.9085,7.9099,2423.25
1549561920.0,7.9099,7.9249,7.9093,7.9188,1615.67
1549561980.0,7.9111,7.9178,7.9037,7.9088,1364.56
1549562040.0,7.9112,7.9156,7.9003,7.9003,5359.13
1549562100.0,7.9049,7.9049,7.9002,7.9049,4715.78
1549562160.0,7.9049,7.9164,7.9033,7.9158,2854.2
1549562220.0,7.9144,7.9144,7.9,7.9022,3094.28
1549562280.0,7.9046,7.9113,7.9035,7.9111,1704.3
1549562340.0,7.9109,7.9109,7.9069,7.9107,2954.9
1549562400.0,7.9107,7.9107,7.9033,7.9052,2161.42
1549562460.0,7.9033,7.9033,7.9025,7.9025,766.73
1549562520.0,7.9025,7.9068,7.9023,7.9044,1255.81
1549562580.0,7.9043,7.9044,7.8979,7.9042,2939.88
1549562640.0,7.899,7.907,7.899,7.9014,4434.74
1549562700.0,7.9017,7.9039,7.8923,7.8925,2349.46
1549562760.0,7.8995,7.9053,7.8947,7.8948,2969.31
1549562820.0,7.8984,7.9009,7.89,7.8983,2441.44
1549562880.0,7.8921,7.898,7.89,7.8975,2721.08
1549562940.0,7.8987,7.8991,7.895,7.8951,1166.87
1549563000.0,7.8962,7.9012,7.8933,7.8965,1915.27
1549563060.0,7.8975,7.9,7.8965,7.8975,1293.86
1549563120.0,7.9,7.901,7.8978,7.9008,718.86
1549563180.0,7.9007,7.9109,7.9007,7.9075,1757.12
1549563240.0,7.9077,7.9212,7.9077,7.9157,1218.75
1549563300.0,7.9143,7.9246,7.9093,7.9205,1681.95
1549563360.0,7.9223,7.9223,7.9164,7.9176,1461.79
1549563420.0,7.9146,7.9225,7.9145,7.9173,2782.42
1549563480.0,7.9173,7.92,7.9058,7.92,1875.69
1549563540.0,7.9188,7.9285,7.9188,7.9225,1505.18
1549563600.0,7.9282,7.9323,7.9211,7.9241,625.6
1549563660.0,7.9241,7.9302,7.9186,7.9233,1022.73
1549563720.0,7.9232,7.9232,7.9186,7.9215,2418.62
1549563780.0,7.9215,7.9229,7.917,7.9224,206.21
1549563840.0,7.9224,7.93,7.9217,7.93,1613.68
1549563900.0,7.9237,7.9284,7.9172,7.9174,1444.58
1549563960.0,7.9159,7.9243,7.9117,7.9228,2304.72
1549564020.0,7.9166,7.9238,7.9142,7.9142,1419.98
1549564080.0,7.9143,7.9241,7.9106,7.9237,1828.52
1549564140.0,7.9285,7.93,7.9285,7.9292,3943.04
1549564200.0,7.9299,7.9429,7.9299,7.9421,3000.63
1549564260.0,7.9435,7.9552,7.9426,7.9514,718.57
1549564320.0,7.9559,7.9597,7.925,7.9294,3204.06
1549564380.0,7.925,7.9417,7.9206,7.9333,1469.84
1549564440.0,7.93,7.9438,7.9282,7.9438,2840.03
1549564500.0,7.9447,7.948,7.9202,7.9443,2188.99
1549564560.0,7.9411,7.9442,7.941,7.9442,501.32
1549564620.0,7.9411,7.9411,7.9303,7.936,1969.77
1549564680.0,7.9405,7.9406,7.922,7.9279,1559.72
1549564740.0,7.9267,7.9407,7.9266,7.934,1003.75
1549564800.0,7.9332,7.9568,7.9332,7.9479,927.55
1549564860.0,7.9488,7.9763,7.9487,7.9625,4832.91
1549564920.0,7.966,7.9676,7.9452,7.9528,2248.53
1549564980.0,7.9453,7.9522,7.9319,7.9319,2433.79
1549565040.0,7.933,7.9408,7.9248,7.9408,2111.7
1549565100.0,7.9459,7.9483,7.93,7.9483,1539.32
1549565160.0,7.9453,7.9476,7.9426,7.9426,1137.47
1549565220.0,7.9427,7.98,7.9426,7.98,4958.29
1549565280.0,7.98,7.9829,7.9677,7.9677,5096.71
1549565340.0,7.9681,7.9802,7.9592,7.9608,5233.93
1549565400.0,7.9618,7.9821,7.9618,7.9739,2067.56
1549565460.0,7.982,7.9823,7.9748,7.9765,1102.74
1549565520.0,7.982,7.9829,7.9675,7.9699,1884.33
1549565580.0,7.9781,7.981,7.973,7.9752,2994.31
1549565640.0,7.9815,7.9888,7.9789,7.9845,2866.73
1549565700.0,7.9897,8.0078,7.9897,8.0,4485.51
1549565760.0,8.0031,8.0078,8.0004,8.0077,1825.93
1549565820.0,8.0077,8.0077,7.9682,7.9723,5014.29
1549565880.0,7.9653,7.9751,7.9564,7.9749,2881.28
1549565940.0,7.9743,7.9759,7.9684,7.975,1684.01
1549566000.0,7.9751,7.9939,7.9751,7.9806,2570.97
1549566060.0,7.9845,7.9891,7.9819,7.9876,2556.44
1549566120.0,7.9862,7.9957,7.9862,7.9957,355.4
1549566180.0,7.9956,7.998,7.9901,7.9965,1797.32
1549566240.0,7.9965,7.9965,7.981,7.9937,2529.85
1549566300.0,7.9914,7.9959,7.9891,7.9901,1504.22
1549566360.0,7.9901,7.995,7.9851,7.99,3864.1
1549566420.0,7.9901,7.9901,7.9585,7.96,5344.41
1549566480.0,7.96,7.96,7.9466,7.9472,1384.58
1549566540.0,7.9514,7.954,7.9468,7.9513,956.45
1549566600.0,7.9513,7.9748,7.9513,7.9568,4260.65
1549566660.0,7.9683,7.9721,7.9618,7.9618,1392.11
1549566720.0,7.96,7.96,7.9353,7.9456,1756.39
1549566780.0,7.9418,7.9644,7.9418,7.9604,2326.77
1549566840.0,7.9646,7.9647,7.9574,7.9578,2485.66
1549566900.0,7.9613,7.964,7.958,7.9609,2359.5
1549566960.0,7.9577,7.9621,7.9503,7.9503,625.64
1549567020.0,7.9533,7.9567,7.9515,7.955,2058.29
1549567080.0,7.9515,7.9528,7.93,7.945,5625.09
1549567140.0,7.9463,7.9463,7.9301,7.9404,1451.19
1549567200.0,7.9435,7.9435,7.93,7.93,2934.12
1549567260.0,7.9301,7.9336,7.9179,7.9278,3720.01
1549567320.0,7.9278,7.9278,7.9086,7.9124,2135.85
1549567380.0,7.9095,7.9111,7.898,7.898,2620.06
1549567440.0,7.8979,7.9108,7.895,7.9054,1018.18
1549567500.0,7.9121,7.9139,7.906,7.9138,4223.29
1549567560.0,7.9127,7.914,7.9061,7.9097,4203.47
1549567620.0,7.9096,7.9245,7.9096,7.9183,3160.34
1549567680.0,7.9231,7.9231,7.9183,7.9222,2105.98
1549567740.0,7.9193,7.9258,7.9183,7.9216,2597.79
1549567800.0,7.9247,7.9271,7.92,7.92,3347.04
1549567860.0,7.92,7.9214,7.9101,7.9101,1233.32
1549567920.0,7.9159,7.9189,7.9121,7.9189,2093.31
1549567980.0,7.9155,7.9256,7.915,7.9221,1198.18
1549568040.0,7.9227,7.9273,7.9224,7.9227,2344.46
1549568100.0,7.9226,7.9284,7.9225,7.9231,2993.35
1549568160.0,7.9285,7.9285,7.9224,7.9225,2428.65
1549568220.0,7.9169,7.926,7.9168,7.9245,1388.62
1549568280.0,7.9225,7.9243,7.919,7.9193,2167.59
1549568340.0,7.9193,7.9242,7.9192,7.9193,3455.75
1549568400.0,7.9192,7.9241,7.9192,7.9241,2134.52
1549568460.0,7.9198,7.9241,7.9198,7.9238,3610.63
1549568520.0,7.9217,7.9227,7.9061,7.9101,6314.16
1549568580.0,7.9101,7.925,7.9101,7.9176,1677.74
1549568640.0,7.9195,7.9195,7.9,7.9088,3240.6
1549568700.0,7.9107,7.9149,7.9029,7.9149,3801.26
1549568760.0,7.9158,7.9196,7.9112,7.9189,1836.36
1549568820.0,7.9129,7.918,7.9059,7.9178,2878.09
1549568880.0,7.918,7.9489,7.9169,7.9479,5020.13
1549568940.0,7.9473,7.948,7.9356,7.9385,1411.39
1549569000.0,7.9387,7.9523,7.9265,7.9523,3096.11
1549569060.0,7.9522,7.964,7.9522,7.9613,2748.42
1549569120.0,7.9614,7.9661,7.9614,7.9644,1849.75
1549569180.0,7.9621,7.9708,7.9518,7.96,1833.91
1549569240.0,7.9575,7.9638,7.9569,7.9631,916.65
1549569300.0,7.964,7.9677,7.9458,7.9532,1670.37
1549569360.0,7.9585,7.9601,7.9578,7.9584,2421.7
1549569420.0,7.9621,7.9621,7.946,7.9495,2645.7
1549569480.0,7.9589,7.9634,7.9504,7.9609,3206.74
1549569540.0,7.9615,7.9659,7.9516,7.9575,1556.3
1549569600.0,7.9527,7.9559,7.9454,7.95,758.9
1549569660.0,7.95,7.95,7.9401,7.9449,1722.13
1549569720.0,7.9412,7.9429,7.9321,7.9374,1066.85
1549569780.0,7.9396,7.943,7.9285,7.9285,3619.11
1549569840.0,7.9289,7.9356,7.9029,7.9117,1384.76
1549569900.0,7.912,7.9419,7.912,7.9402,3458.83
1549569960.0,7.9355,7.9472,7.9268,7.9434,2592.55
1549570020.0,7.9489,7.9491,7.93,7.93,1118.85
1549570080.0,7.9286,7.9414,7.9217,7.9404,2909.54
1549570140.0,7.9368,7.9402,7.9252,7.9361,1636.47
1549570200.0,7.9329,7.9362,7.9329,7.9362,843.95
1549570260.0,7.9402,7.9403,7.93,7.9301,2972.09
1549570320.0,7.9269,7.9303,7.9,7.9225,4904.93
1549570380.0,7.9222,7.947,7.9173,7.9364,4440.57
1549570440.0,7.937,7.9534,7.9309,7.9534,3589.82
1549570500.0,7.9552,7.9582,7.9502,7.9518,651.13
1549570560.0,7.9549,7.9575,7.9165,7.9229,5241.47
1549570620.0,7.9176,7.9582,7.9081,7.9582,4304.6
1549570680.0,7.9538,7.9591,7.9481,7.9591,3507.65
1549570740.0,7.9609,7.9619,7.9515,7.9517,607.92
1549570800.0,7.9519,7.9568,7.9403,7.9498,2531.61
1549570860.0,7.9524,7.9524,7.9444,7.9462,2778.03
1549570920.0,7.9518,7.9518,7.9506,7.9506,1075.55
1549570980.0,7.9483,7.9534,7.9347,7.9351,734.58
1549571040.0,7.932,7.942,7.932,7.942,2118.81
1549571100.0,7.9418,7.944,7.9221,7.9221,1252.48
1549571160.0,7.9228,7.9407,7.9151,7.9407,3108.84
1549571220.0,7.9408,7.9409,7.9364,7.9377,3131.9
1549571280.0,7.9369,7.9459,7.9314,7.9379,2910.08
1549571340.0,7.9461,7.9462,7.9312,7.9329,2118.64
1549571400.0,7.938,7.9518,7.93,7.9432,1674.03
1549571460.0,7.953,7.953,7.94,7.94,787.91
1549571520.0,7.9464,7.9464,7.9251,7.9255,1608.02
1549571580.0,7.9395,7.9459,7.9325,7.9459,3182.35
1549571640.0,7.947,7.95,7.9459,7.9459,3013.33
1549571700.0,7.9441,7.9458,7.9387,7.9458,4595.05
1549571760.0,7.9408,7.9457,7.9388,7.9388,1913.48
1549571820.0,7.9419,7.9421,7.9361,7.9361,1756.77
1549571880.0,7.9364,7.9414,7.9334,7.938,3501.91
1549571940.0,7.938,7.9404,7.9332,7.9332,1139.5
1549572000.0,7.9395,7.9395,7.926,7.9326,3802.92
1549572060.0,7.931,7.9456,7.9308,7.9377,2802.85
1549572120.0,7.9393,7.9439,7.9393,7.9403,2774.86
1549572180.0,7.9319,7.9415,7.9318,7.9348,1126.33
1549572240.0,7.9383,7.9383,7.9279,7.9279,1581.85
1549572300.0,7.9286,7.9363,7.925,7.929,377.41
1549572360.0,7.9282,7.96,7.9251,7.96,3527.91
1549572420.0,7.9553,7.96,7.9483,7.9484,1868.14
1549572480.0,7.9473,7.9473,7.9361,7.9433,1029.03
1549572540.0,7.942,7.943,7.9396,7.9413,1052.05
1549572600.0,7.9427,7.9531,7.9427,7.9439,1433.61
1549572660.0,7.9445,7.9445,7.937,7.938,1049.62
1549572720.0,7.9429,7.9437,7.94,7.9437,2637.17
1549572780.0,7.9447,7.9447,7.938,7.938,2189.61
1549572840.0,7.9412,7.9534,7.9393,7.9412,2184.72
1549572900.0,7.9405,7.9429,7.9387,7.9399,1435.53
1549572960.0,7.9399,7.9409,7.9358,7.9358,1059.9
1549573020.0,7.935,7.935,7.9289,7.9289,936.89
1549573080.0,7.9317,7.9346,7.9291,7.9345,2131.85
1549573140.0,7.9303,7.9332,7.9255,7.9313,645.4
1549573200.0,7.9314,7.9354,7.9245,7.9256,3811.04
1549573260.0,7.9245,7.9266,7.92,7.9219,3965.0
1549573320.0,7.9245,7.9247,7.9189,7.9228,1186.24
1549573380.0,7.9257,7.9291,7.9191,7.9245,1728.61
1549573440.0,7.9291,7.9291,7.9274,7.9274,4.02
1549573500.0,7.9274,7.9274,7.9183,7.9253,2044.21
1549573560.0,7.9187,7.9263,7.9131,7.9131,2613.25
1549573620.0,7.9214,7.9214,7.9121,7.9122,1063.34
1549573680.0,7.9115,7.9152,7.91,7.9151,1956.82
1549573740.0,7.9151,7.9151,7.9075,7.9075,2171.89
1549573800.0,7.9151,7.9152,7.9076,7.913,955.4
1549573860.0,7.9118,7.9152,7.91,7.91,2448.35
1549573920.0,7.9105,7.915,7.9065,7.91,3791.19
1549573980.0,7.9079,7.9117,7.9051,7.9089,1345.85
1549574040.0,7.9088,7.9147,7.9083,7.9147,2032.89
1549574100.0,7.9147,7.9147,7.9091,7.9104,2504.74
1549574160.0,7.9109,7.9109,7.9095,7.9095,1171.8
1549574220.0,7.908,7.9095,7.9,7.9,3068.58
1549574280.0,7.9045,7.9045,7.8999,7.9039,1500.85
1549574340.0,7.9,7.9055,7.9,7.9006,1498.68
1549574400.0,7.9024,7.9094,7.9003,7.9004,785.84
1549574460.0,7.9058,7.9145,7.9018,7.9145,2705.61
1549574520.0,7.9148,7.9357,7.909,7.9139,1764.82
1549574580.0,7.9085,7.9127,7.9,7.9,1533.06
1549574640.0,7.9033,7.9088,7.9032,7.9054,1088.13
1549574700.0,7.9087,7.9091,7.9015,7.902,472.35
1549574760.0,7.9089,7.9139,7.9046,7.9139,767.35
1549574820.0,7.9079,7.9101,7.9079,7.91,1546.53
1549574880.0,7.9102,7.913,7.91,7.913,505.24
1549574940.0,7.9139,7.9251,7.9138,7.9251,4168.13
1549575000.0,7.9251,7.9251,7.9088,7.9136,1566.33
1549575060.0,7.9169,7.9253,7.9115,7.9195,2235.4
1549575120.0,7.9166,7.9242,7.9049,7.9242,429.55
1549575180.0,7.9204,7.9233,7.9204,7.9232,797.25
1549575240.0,7.9258,7.9311,7.9093,7.9311,1535.62
1549575300.0,7.9232,7.9302,7.9209,7.9258,1405.04
1549575360.0,7.9206,7.9275,7.9206,7.925,1502.97
1549575420.0,7.9271,7.934,7.9271,7.9315,503.34
1549575480.0,7.9302,7.9353,7.9263,7.9352,1934.34
1549575540.0,7.9294,7.935,7.9263,7.9263,2761.61
1549575600.0,7.9297,7.9326,7.929,7.9308,1421.24
1549575660.0,7.932,7.9357,7.9263,7.9323,2249.31
1549575720.0,7.9355,7.9356,7.9263,7.9282,2041.98
1549575780.0,7.9282,7.9313,7.9275,7.9313,1000.54
1549575840.0,7.934,7.934,7.9303,7.934,2309.83
1549575900.0,7.9288,7.9328,7.9169,7.9236,2153.12
1549575960.0,7.9182,7.9205,7.916,7.9185,2385.45
1549576020.0,7.9203,7.9358,7.916,7.9316,4078.45
1549576080.0,7.9358,7.9398,7.9305,7.9372,2916.92
1549576140.0,7.9395,7.94,7.9395,7.94,157.7
1549576200.0,7.9408,7.945,7.94,7.9434,1388.39
1549576260.0,7.94,7.9402,7.9272,7.9315,3001.08
1549576320.0,7.9287,7.9336,7.9235,7.9267,2081.87
1549576380.0,7.9257,7.9387,7.9181,7.9387,2607.86
1549576440.0,7.9314,7.9314,7.919,7.919,861.29
1549576500.0,7.9215,7.9389,7.9215,7.9299,2568.29
1549576560.0,7.9369,7.9369,7.9316,7.9324,1046.71
1549576620.0,7.9314,7.9318,7.9207,7.9318,1669.61
1549576680.0,7.9329,7.9381,7.9194,7.9342,1214.66
1549576740.0,7.9342,7.9408,7.9298,7.9324,1511.72
1549576800.0,7.9311,7.9323,7.9035,7.9051,4602.6
1549576860.0,7.9051,7.9051,7.8667,7.8826,7894.31
1549576920.0,7.8823,7.8823,7.869,7.869,2580.63
1549576980.0,7.8702,7.8703,7.8362,7.84,9657.81
1549577040.0,7.84,7.84,7.82,7.8332,5975.98
1549577100.0,7.8365,7.8366,7.8,7.8175,11727.46
1549577160.0,7.8062,7.849,7.806,7.849,5321.43
1549577220.0,7.849,7.8701,7.842,7.86,3730.76
1549577280.0,7.86,7.86,7.821,7.821,5969.01
1549577340.0,7.8284,7.8542,7.8202,7.8401,5269.94
1549577400.0,7.8542,7.8705,7.85,7.8705,2871.37
1549577460.0,7.8684,7.8698,7.8579,7.8683,3994.79
1549577520.0,7.8683,7.8683,7.8582,7.8596,1727.99
1549577580.0,7.8626,7.8697,7.8594,7.8684,2537.44
1549577640.0,7.8669,7.8746,7.8669,7.8746,1888.68
1549577700.0,7.8711,7.8746,7.8629,7.8693,2710.53
1549577760.0,7.8688,7.8746,7.8624,7.8691,1503.91
1549577820.0,7.8742,7.8742,7.8541,7.8688,2280.67
1549577880.0,7.8568,7.8593,7.8485,7.8549,403.99
1549577940.0,7.8504,7.8593,7.8443,7.8556,3819.36
1549578000.0,7.8547,7.8547,7.8505,7.8505,100.56
1549578060.0,7.85,7.8531,7.8412,7.8499,2785.9
1549578120.0,7.8499,7.8499,7.8411,7.845,2111.77
1549578180.0,7.8433,7.845,7.8307,7.8398,1371.84
1549578240.0,7.837,7.837,7.8294,7.8295,4017.78
1549578300.0,7.8295,7.8295,7.8239,7.8263,1535.87
1549578360.0,7.8264,7.8264,7.8215,7.8263,1898.33
1549578420.0,7.825,7.8341,7.8219,7.8335,2411.78
1549578480.0,7.8265,7.86,7.822,7.86,14175.53
1549578540.0,7.8582,7.8746,7.8396,7.8733,6531.21
1549578600.0,7.8741,7.8821,7.863,7.8821,3551.49
1549578660.0,7.8699,7.8822,7.8563,7.865,3971.37
1549578720.0,7.865,7.8821,7.8639,7.8725,1976.78
1549578780.0,7.8672,7.8734,7.8641,7.8641,1232.93
1549578840.0,7.8714,7.8821,7.8714,7.8736,1906.58
1549578900.0,7.8793,7.8846,7.8766,7.8767,2191.8
1549578960.0,7.8827,7.8845,7.8719,7.8844,1505.65
1549579020.0,7.8845,7.8846,7.8747,7.884,1336.33
1549579080.0,7.884,7.8845,7.8746,7.8798,1637.85
1549579140.0,7.8798,7.884,7.8731,7.8732,2187.39
1549579200.0,7.879,7.879,7.8472,7.8472,3388.33
1549579260.0,7.85,7.8542,7.8378,7.8542,1170.1
1549579320.0,7.8516,7.8845,7.8516,7.8764,2163.35
1549579380.0,7.8843,7.8843,7.8503,7.8503,2407.33
1549579440.0,7.8621,7.8621,7.8569,7.8591,566.42
1549579500.0,7.8591,7.8697,7.85,7.8558,1636.54
1549579560.0,7.8638,7.8638,7.8474,7.8475,1763.76
1549579620.0,7.8541,7.8572,7.8476,7.8572,576.2
1549579680.0,7.8572,7.8572,7.85,7.8521,1675.11
1549579740.0,7.8501,7.8542,7.8476,7.8478,763.8
1549579800.0,7.8478,7.8667,7.8451,7.8477,2344.19
1549579860.0,7.8504,7.8572,7.8306,7.8306,2474.22
1549579920.0,7.8302,7.8363,7.81,7.8107,2822.07
1549579980.0,7.8113,7.825,7.8101,7.8202,1013.49
1549580040.0,7.8234,7.8539,7.8234,7.8402,3268.85
1549580100.0,7.8419,7.8517,7.821,7.8269,1762.87
1549580160.0,7.8265,7.8278,7.819,7.8274,1425.23
1549580220.0,7.8274,7.8274,7.8207,7.8232,898.73
1549580280.0,7.8264,7.8389,7.8264,7.8342,1663.59
1549580340.0,7.8305,7.8365,7.8202,7.8295,1053.45
1549580400.0,7.8297,7.8297,7.7897,7.7897,10042.66
1549580460.0,7.7897,7.7897,7.7293,7.7697,30290.7
1549580520.0,7.764,7.7733,7.7632,7.7635,1756.62
1549580580.0,7.7677,7.7779,7.7635,7.7771,3208.49
1549580640.0,7.7771,7.7771,7.7568,7.7571,2616.34
1549580700.0,7.7636,7.7636,7.7558,7.7623,698.41
1549580760.0,7.7623,7.7623,7.7589,7.7589,957.96
1549580820.0,7.7591,7.7689,7.7511,7.761,1235.48
1549580880.0,7.7676,7.7762,7.7641,7.7641,1324.18
1549580940.0,7.7668,7.7668,7.7583,7.7649,1633.99
1549581000.0,7.7668,7.7693,7.7649,7.7667,1927.88
1549581060.0,7.7668,7.7707,7.7662,7.7668,1203.93
1549581120.0,7.7709,7.7738,7.7669,7.7669,327.59
1549581180.0,7.7692,7.778,7.7692,7.775,983.16
1549581240.0,7.773,7.7807,7.7716,7.7729,1683.18
1549581300.0,7.7733,7.7734,7.767,7.7731,901.83
1549581360.0,7.7681,7.7861,7.7681,7.7861,2173.0
1549581420.0,7.7861,7.8029,7.7861,7.7979,10045.3
1549581480.0,7.7973,7.7973,7.7805,7.7909,703.97
1549581540.0,7.7939,7.7939,7.787,7.787,1052.9
1549581600.0,7.7923,7.7962,7.7873,7.7883,373.93
1549581660.0,7.7883,7.7925,7.7847,7.7848,397.66
1549581720.0,7.7848,7.7848,7.7799,7.783,472.17
1549581780.0,7.783,7.783,7.7755,7.7817,421.39
1549581840.0,7.7814,7.7814,7.7755,7.776,1203.47
1549581900.0,7.7809,7.7827,7.777,7.7826,403.9
1549581960.0,7.7798,7.7825,7.7668,7.7735,3405.55
1549582020.0,7.777,7.7794,7.7696,7.7794,862.13
1549582080.0,7.7733,7.776,7.7733,7.7738,113.7
1549582140.0,7.7739,7.7804,7.7739,7.7741,416.94
1549582200.0,7.7793,7.7803,7.7742,7.7745,1354.34
1549582260.0,7.7787,7.7787,7.774,7.7754,576.08
1549582320.0,7.7753,7.7835,7.7716,7.7835,1962.25
1549582380.0,7.7837,7.7888,7.7794,7.7794,559.39
1549582440.0,7.7866,7.7866,7.78,7.7849,786.4
1549582500.0,7.7914,7.7967,7.7757,7.7858,1689.04
1549582560.0,7.7759,7.7816,7.7668,7.777,2223.49
1549582620.0,7.7707,7.7769,7.7707,7.774,430.24
1549582680.0,7.7726,7.7863,7.7723,7.7767,1358.43
1549582740.0,7.777,7.787,7.7701,7.7817,1277.79
1549582800.0,7.7764,7.7933,7.7725,7.7933,605.43
1549582860.0,7.7805,7.7805,7.7741,7.7744,380.04
1549582920.0,7.7778,7.7778,7.7702,7.7725,940.7
1549582980.0,7.7701,7.7729,7.7641,7.7673,634.15
1549583040.0,7.7673,7.7673,7.747,7.747,2837.23
1549583100.0,7.747,7.7521,7.7331,7.7462,5978.69
1549583160.0,7.7462,7.75,7.7347,7.7443,2718.1
1549583220.0,7.7381,7.7498,7.7333,7.735,3368.78
1549583280.0,7.74,7.745,7.7318,7.7353,2548.36
1549583340.0,7.735,7.735,7.6822,7.7066,18453.74
1549583400.0,7.7013,7.7197,7.6915,7.6915,4897.25
1549583460.0,7.6977,7.6984,7.6777,7.6829,3574.57
1549583520.0,7.6829,7.6832,7.6733,7.6832,5256.91
1549583580.0,7.6832,7.709,7.6832,7.702,2704.47
1549583640.0,7.7003,7.7041,7.6958,7.6958,1207.13
1549583700.0,7.6967,7.7021,7.6927,7.6985,396.67
1549583760.0,7.6939,7.7294,7.6939,7.7278,4302.65
1549583820.0,7.7277,7.787,7.7188,7.7801,9406.31
1549583880.0,7.7784,7.808,7.7739,7.7857,5682.02
1549583940.0,7.7949,7.8139,7.7949,7.81,9027.74
1549584000.0,7.807,7.8144,7.7852,7.7852,4126.57
1549584060.0,7.7838,7.7855,7.7686,7.7728,2546.46
1549584120.0,7.7649,7.7681,7.7579,7.7633,886.18
1549584180.0,7.7581,7.7581,7.7487,7.7549,172.7
1549584240.0,7.7499,7.7543,7.7448,7.7448,978.48
1549584300.0,7.7414,7.7414,7.7197,7.7294,813.74
1549584360.0,7.729,7.729,7.7086,7.7096,1588.01
1549584420.0,7.7085,7.7085,7.6733,7.6832,3669.43
1549584480.0,7.6874,7.7345,7.6841,7.7247,7096.94
1549584540.0,7.7145,7.7147,7.7045,7.7119,1453.0
1549584600.0,7.7124,7.7125,7.7072,7.7072,2390.71
1549584660.0,7.7021,7.7137,7.7,7.7,1198.3
1549584720.0,7.7026,7.7031,7.6789,7.7015,2373.62
1549584780.0,7.6998,7.7001,7.6881,7.6949,1266.8
1549584840.0,7.6881,7.707,7.6806,7.6985,2716.07
1549584900.0,7.6986,7.7048,7.6775,7.6775,1918.81
1549584960.0,7.6899,7.69,7.6887,7.6887,725.13
1549585020.0,7.6899,7.6899,7.6775,7.68,1698.69
1549585080.0,7.68,7.6827,7.6733,7.6827,1914.31
1549585140.0,7.6828,7.7067,7.6827,7.7034,1427.23
1549585200.0,7.7036,7.7068,7.6976,7.6977,3048.91
1549585260.0,7.6929,7.6971,7.6907,7.6925,1618.89
1549585320.0,7.7017,7.7228,7.701,7.7179,2314.25
1549585380.0,7.7186,7.731,7.7166,7.719,2799.5
1549585440.0,7.7246,7.7246,7.719,7.7198,781.56
1549585500.0,7.7247,7.7275,7.6952,7.7098,3951.13
1549585560.0,7.6956,7.7092,7.6733,7.6733,3143.53
1549585620.0,7.6733,7.6811,7.6731,7.6731,2463.86
1549585680.0,7.6772,7.6772,7.6663,7.672,3389.43
1549585740.0,7.6757,7.6967,7.6744,7.6744,2236.83
1549585800.0,7.6868,7.6868,7.6735,7.6784,782.38
1549585860.0,7.6745,7.677,7.67,7.675,335.51
1549585920.0,7.6747,7.6769,7.6653,7.6769,2014.85
1549585980.0,7.67,7.6826,7.667,7.6825,1323.55
1549586040.0,7.6825,7.6826,7.646,7.646,6371.78
1549586100.0,7.6441,7.6459,7.6248,7.6311,4946.15
1549586160.0,7.6251,7.6319,7.6102,7.6106,9207.01
1549586220.0,7.611,7.6281,7.61,7.6239,6465.09
1549586280.0,7.6247,7.6319,7.6222,7.6242,1382.59
1549586340.0,7.631,7.6319,7.6264,7.6316,738.73
1549586400.0,7.6316,7.6514,7.6315,7.6491,1009.66
1549586460.0,7.6494,7.6669,7.6494,7.6649,1100.66
1549586520.0,7.6668,7.6871,7.6668,7.6871,679.01
1549586580.0,7.6871,7.6962,7.6373,7.6536,3401.58
1549586640.0,7.6441,7.6532,7.644,7.6511,780.25
1549586700.0,7.6515,7.704,7.6468,7.704,6216.84
1549586760.0,7.7098,7.7377,7.7062,7.7367,1928.79
1549586820.0,7.7367,7.7446,7.7203,7.7332,4301.38
1549586880.0,7.7424,7.7535,7.7346,7.7535,785.63
1549586940.0,7.7542,7.76,7.7253,7.732,3903.02
1549587000.0,7.7237,7.7421,7.7205,7.7421,1635.71
1549587060.0,7.7429,7.76,7.7421,7.7541,1565.11
1549587120.0,7.7542,7.76,7.7302,7.7335,3317.06
1549587180.0,7.7221,7.7274,7.7121,7.7184,1361.11
1549587240.0,7.7184,7.7223,7.7164,7.7209,588.47
1549587300.0,7.7204,7.75,7.7203,7.7499,3414.32
1549587360.0,7.7512,7.7546,7.7217,7.737,2711.53
1549587420.0,7.7344,7.7344,7.7287,7.7287,770.98
1549587480.0,7.7261,7.7327,7.7259,7.7283,325.96
1549587540.0,7.7293,7.7305,7.7215,7.7291,1118.58
1549587600.0,7.7217,7.7217,7.7,7.7069,2369.63
1549587660.0,7.7009,7.7058,7.6962,7.6979,1431.51
1549587720.0,7.6933,7.6968,7.6731,7.6772,730.48
1549587780.0,7.6747,7.7188,7.6671,7.7063,5144.3
1549587840.0,7.7115,7.7154,7.6965,7.703,675.94
1549587900.0,7.7102,7.7102,7.6663,7.6771,2912.33
1549587960.0,7.6672,7.6732,7.6667,7.673,748.53
1549588020.0,7.6729,7.673,7.6615,7.6615,563.46
1549588080.0,7.6614,7.7031,7.66,7.7031,3715.49
1549588140.0,7.7031,7.71,7.6925,7.7026,1134.45
1549588200.0,7.7027,7.7448,7.7027,7.744,2171.31
1549588260.0,7.744,7.7529,7.7131,7.729,2060.63
1549588320.0,7.7133,7.7145,7.6827,7.6941,3020.37
1549588380.0,7.6956,7.7244,7.6875,7.7244,2535.58
1549588440.0,7.7282,7.7495,7.7282,7.7414,1730.36
1549588500.0,7.7431,7.7469,7.7351,7.7377,1048.21
1549588560.0,7.7333,7.75,7.7141,7.7394,2755.0
1549588620.0,7.7362,7.7392,7.7128,7.7129,1415.06
1549588680.0,7.7129,7.7129,7.7,7.7048,217.43
1549588740.0,7.6992,7.6997,7.6871,7.6871,946.88
1549588800.0,7.6899,7.7233,7.6805,7.7233,3256.03
1549588860.0,7.7175,7.7234,7.7154,7.7163,1370.04
1549588920.0,7.7125,7.7145,7.7053,7.7145,502.37
1549588980.0,7.7161,7.7162,7.6796,7.6902,2702.48
1549589040.0,7.6838,7.6876,7.6668,7.6836,1654.31
1549589100.0,7.681,7.7273,7.681,7.7154,4185.95
1549589160.0,7.7202,7.7221,7.7173,7.7221,556.97
1549589220.0,7.7276,7.7276,7.7161,7.7171,798.49
1549589280.0,7.7194,7.7212,7.707,7.7131,1510.4
1549589340.0,7.7188,7.7357,7.7188,7.7266,1173.93
1549589400.0,7.7289,7.74,7.7289,7.74,1004.38
1549589460.0,7.7336,7.7701,7.7335,7.7701,2648.35
1549589520.0,7.76,7.789,7.7599,7.7745,2928.18
1549589580.0,7.7841,7.7841,7.7708,7.7775,1212.92
1549589640.0,7.7751,7.7897,7.7751,7.789,616.93
1549589700.0,7.7891,7.8,7.7739,7.7852,3481.18
1549589760.0,7.7886,7.7942,7.7834,7.7891,2532.51
1549589820.0,7.7853,7.7902,7.7833,7.7862,1005.06
1549589880.0,7.7877,7.7959,7.7834,7.792,713.8
1549589940.0,7.7899,7.7899,7.783,7.783,979.95
1549590000.0,7.7899,7.7899,7.7828,7.7882,675.42
1549590060.0,7.7819,7.7877,7.75,7.75,8456.01
1549590120.0,7.764,7.7702,7.75,7.7679,1369.06
1549590180.0,7.7624,7.7909,7.7624,7.7751,4334.75
1549590240.0,7.7825,7.7872,7.7825,7.7829,440.1
1549590300.0,7.7832,7.7834,7.7831,7.7831,922.33
1549590360.0,7.783,7.7868,7.7745,7.7814,447.86
1549590420.0,7.7865,7.7872,7.7726,7.7855,1424.0
1549590480.0,7.7854,7.7941,7.7851,7.7851,472.16
1549590540.0,7.7886,7.7926,7.7875,7.7877,850.42
1549590600.0,7.7879,7.7959,7.7879,7.7959,988.0
1549590660.0,7.7893,7.796,7.7892,7.7892,799.39
1549590720.0,7.7892,7.7944,7.789,7.789,504.59
1549590780.0,7.789,7.7944,7.789,7.7892,845.62
1549590840.0,7.7943,7.7958,7.7873,7.7958,695.99
1549590900.0,7.7883,7.7994,7.7878,7.7899,2807.93
1549590960.0,7.7964,7.825,7.7964,7.8183,6945.21
1549591020.0,7.8178,7.8443,7.8114,7.8397,5424.88
1549591080.0,7.846,7.8787,7.8214,7.8752,5931.9
1549591140.0,7.8649,7.875,7.8579,7.8631,5434.39
1549591200.0,7.8632,7.8698,7.8153,7.8216,5541.74
1549591260.0,7.832,7.8462,7.832,7.8462,589.99
1549591320.0,7.8428,7.8508,7.8247,7.8409,3695.34
1549591380.0,7.8409,7.8602,7.8379,7.8458,3040.27
1549591440.0,7.8458,7.8821,7.8405,7.8821,2850.14
1549591500.0,7.8821,7.91,7.8761,7.91,2556.76
1549591560.0,7.9053,7.9357,7.9052,7.9357,6140.62
1549591620.0,7.9308,7.9428,7.8666,7.8773,6310.85
1549591680.0,7.8743,7.9402,7.8737,7.9349,5579.14
1549591740.0,7.9349,7.9349,7.8744,7.8744,3861.85
1549591800.0,7.8775,7.8956,7.873,7.8956,908.51
1549591860.0,7.8937,7.8939,7.87,7.8792,3307.79
1549591920.0,7.8829,7.8829,7.8666,7.8666,2321.17
1549591980.0,7.8645,7.8675,7.8377,7.84,1189.05
1549592040.0,7.8363,7.8378,7.8195,7.8195,271.72
1549592100.0,7.8189,7.8358,7.8174,7.8279,1164.88
1549592160.0,7.8255,7.8515,7.82,7.8515,3695.03
1549592220.0,7.8466,7.8719,7.8466,7.8549,2044.5
1549592280.0,7.8514,7.8856,7.8243,7.8655,7904.91
1549592340.0,7.8659,7.88,7.8553,7.8645,1945.31
1549592400.0,7.8715,7.8715,7.8629,7.8637,1229.71
1549592460.0,7.8639,7.8658,7.8353,7.8454,4099.26
1549592520.0,7.836,7.8387,7.825,7.825,1985.17
1549592580.0,7.8285,7.841,7.8047,7.8151,3237.58
1549592640.0,7.8195,7.8195,7.7947,7.8026,1740.82
1549592700.0,7.8078,7.8078,7.78,7.7898,2791.22
1549592760.0,7.7834,7.8142,7.7802,7.8001,2934.16
1549592820.0,7.8003,7.8037,7.7862,7.7967,2704.92
1549592880.0,7.8099,7.8153,7.7881,7.8153,2316.78
1549592940.0,7.8141,7.8357,7.799,7.8073,2379.41
1549593000.0,7.8097,7.8139,7.8017,7.8123,1117.55
1549593060.0,7.8121,7.8121,7.7855,7.804,5147.03
1549593120.0,7.8034,7.815,7.8034,7.8143,399.39
1549593180.0,7.8115,7.8115,7.7881,7.7981,552.27
1549593240.0,7.7941,7.8044,7.7941,7.8016,831.82
1549593300.0,7.8016,7.8045,7.7979,7.798,494.35
1549593360.0,7.7982,7.8007,7.775,7.7905,3796.27
1549593420.0,7.7904,7.8045,7.7872,7.7944,2607.49
1549593480.0,7.7934,7.8382,7.7934,7.8373,1162.2
1549593540.0,7.8373,7.8373,7.8265,7.8265,897.25
1549593600.0,7.8242,7.8273,7.8071,7.814,1901.7
1549593660.0,7.8122,7.8177,7.8082,7.8176,2130.98
1549593720.0,7.8213,7.829,7.8212,7.8273,166.55
1549593780.0,7.8302,7.8375,7.8223,7.8252,1429.63
1549593840.0,7.8326,7.841,7.8292,7.8336,1852.56
1549593900.0,7.8393,7.8393,7.822,7.8248,1374.86
1549593960.0,7.8325,7.8405,7.8274,7.8351,271.85
1549594020.0,7.84,7.8428,7.8357,7.8379,511.11
1549594080.0,7.8387,7.8659,7.8387,7.8502,3506.4
1549594140.0,7.8527,7.8574,7.842,7.8421,2318.55
1549594200.0,7.8482,7.8536,7.847,7.8536,289.49
1549594260.0,7.8483,7.853,7.8436,7.8495,433.85
1549594320.0,7.8438,7.85,7.842,7.8496,604.17
1549594380.0,7.8494,7.8536,7.8471,7.8477,1336.93
1549594440.0,7.8471,7.8509,7.8429,7.8471,751.94
1549594500.0,7.8471,7.8471,7.7986,7.7986,3573.41
1549594560.0,7.7988,7.8055,7.7897,7.7897,912.72
1549594620.0,7.79,7.7971,7.7785,7.7785,4184.48
1549594680.0,7.7781,7.7781,7.7576,7.7576,7780.04
1549594740.0,7.7585,7.7752,7.7576,7.7752,1744.76
1549594800.0,7.7748,7.7815,7.7622,7.7725,1463.11
1549594860.0,7.7622,7.7697,7.75,7.75,1800.21
1549594920.0,7.75,7.7501,7.72,7.7204,7678.45
1549594980.0,7.728,7.735,7.72,7.7205,2796.86
1549595040.0,7.7208,7.7522,7.7208,7.7507,3313.3
1549595100.0,7.7493,7.7502,7.731,7.7437,2698.22
1549595160.0,7.7363,7.7706,7.73,7.7597,6371.77
1549595220.0,7.749,7.776,7.747,7.776,1379.92
1549595280.0,7.7798,7.8,7.7798,7.7901,763.76
1549595340.0,7.7901,7.8092,7.7899,7.8064,1788.44
1549595400.0,7.8073,7.8138,7.7918,7.803,1582.6
1549595460.0,7.8035,7.8114,7.7997,7.8037,510.58
1549595520.0,7.8037,7.82,7.796,7.82,3097.68
1549595580.0,7.8117,7.8244,7.8064,7.8064,592.95
1549595640.0,7.8027,7.82,7.8008,7.8046,1842.35
1549595700.0,7.8067,7.8184,7.8067,7.8183,358.98
1549595760.0,7.8092,7.8177,7.8035,7.8096,402.59
1549595820.0,7.8142,7.8142,7.805,7.8074,368.77
1549595880.0,7.8062,7.8104,7.8001,7.8077,470.72
1549595940.0,7.8083,7.8157,7.8002,7.8157,1087.0
1549596000.0,7.811,7.817,7.8024,7.8166,1035.25
1549596060.0,7.8169,7.8175,7.8112,7.8175,370.99
1549596120.0,7.8175,7.8311,7.8174,7.8286,2200.88
1549596180.0,7.8226,7.849,7.8225,7.8406,2387.43
1549596240.0,7.8347,7.8598,7.8311,7.8598,2098.43
1549596300.0,7.8514,7.8661,7.8475,7.8593,5366.88
1549596360.0,7.8513,7.8546,7.84,7.8442,1568.92
1549596420.0,7.8443,7.8495,7.8327,7.8384,1124.36
1549596480.0,7.8409,7.8409,7.8305,7.8309,385.78
1549596540.0,7.8365,7.8366,7.816,7.8163,2262.72
1549596600.0,7.8155,7.8176,7.7887,7.7887,3031.6
1549596660.0,7.7877,7.7932,7.7715,7.772,1351.21
1549596720.0,7.7673,7.7673,7.7565,7.7565,1792.47
1549596780.0,7.7565,7.7658,7.751,7.7614,2397.42
1549596840.0,7.7608,7.8038,7.7608,7.8038,5128.08
1549596900.0,7.802,7.8243,7.802,7.8243,2836.18
1549596960.0,7.825,7.8274,7.8149,7.8274,1404.94
1549597020.0,7.8291,7.8435,7.8273,7.8415,1873.31
1549597080.0,7.845,7.8568,7.8422,7.8515,1573.74
1549597140.0,7.8514,7.86,7.85,7.8597,2357.14
1549597200.0,7.8547,7.8704,7.8547,7.8619,2485.65
1549597260.0,7.8621,7.8749,7.8621,7.8749,913.14
1549597320.0,7.8735,7.8923,7.8693,7.8802,3168.61
1549597380.0,7.8814,7.9,7.8812,7.8891,2389.9
1549597440.0,7.8878,7.895,7.8802,7.8914,1519.42
1549597500.0,7.8915,7.9078,7.8775,7.88,5358.66
1549597560.0,7.8839,7.8839,7.8597,7.8688,1720.66
1549597620.0,7.8635,7.8657,7.85,7.8543,2249.65
1549597680.0,7.8544,7.8739,7.8544,7.8636,2319.05
1549597740.0,7.8691,7.8691,7.8509,7.8509,851.4
1549597800.0,7.8511,7.8759,7.8499,7.8759,3296.17
1549597860.0,7.8668,7.8694,7.8662,7.8662,709.72
1549597920.0,7.8661,7.8788,7.8569,7.8774,1056.01
1549597980.0,7.8702,7.8702,7.8653,7.8699,1316.05
1549598040.0,7.87,7.8892,7.87,7.8892,751.4
1549598100.0,7.8905,7.92,7.8905,7.9196,3364.15
1549598160.0,7.915,7.9243,7.915,7.9243,1279.66
1549598220.0,7.9247,7.9308,7.9211,7.9308,2162.87
1549598280.0,7.9311,7.9365,7.9,7.907,4276.28
1549598340.0,7.9006,7.9435,7.8983,7.9307,4426.1
1549598400.0,7.9435,7.95,7.9361,7.9471,3672.58
1549598460.0,7.9476,7.9476,7.9354,7.9423,2234.97
1549598520.0,7.9339,7.9423,7.9179,7.92,3097.87
1549598580.0,7.9195,7.92,7.9162,7.9179,930.09
1549598640.0,7.9234,7.9396,7.9179,7.9396,975.04
1549598700.0,7.9391,7.9391,7.9266,7.9266,813.69
1549598760.0,7.9266,7.9266,7.9206,7.9236,424.8
1549598820.0,7.9255,7.9255,7.92,7.9254,895.36
1549598880.0,7.9254,7.929,7.92,7.9212,1204.97
1549598940.0,7.9218,7.9246,7.9217,7.922,780.04
1549599000.0,7.9219,7.9219,7.8908,7.906,3129.37
1549599060.0,7.8968,7.8968,7.8724,7.8735,1473.76
1549599120.0,7.8717,7.8861,7.8688,7.8854,961.26
1549599180.0,7.8852,7.8852,7.8741,7.8741,2126.51
1549599240.0,7.8741,7.8944,7.8741,7.8934,1904.61
1549599300.0,7.8927,7.8974,7.8873,7.8927,948.16
1549599360.0,7.8945,7.8946,7.8791,7.8923,1372.44
1549599420.0,7.8918,7.8918,7.8799,7.8799,641.02
1549599480.0,7.8785,7.8874,7.8772,7.8872,3251.11
1549599540.0,7.8867,7.8867,7.85,7.8624,6244.28
1549599600.0,7.8525,7.8717,7.8524,7.8623,831.44
1549599660.0,7.8624,7.875,7.8624,7.8682,2719.62
1549599720.0,7.8681,7.8731,7.8681,7.8731,394.78
1549599780.0,7.8736,7.8785,7.8706,7.8773,583.1
1549599840.0,7.8765,7.8776,7.8682,7.8682,887.29
1549599900.0,7.8682,7.8744,7.8682,7.8744,1275.46
1549599960.0,7.8736,7.8736,7.8661,7.8693,562.23
1549600020.0,7.8661,7.8715,7.8649,7.8649,844.98
1549600080.0,7.8713,7.8818,7.8662,7.8818,1776.44
1549600140.0,7.8783,7.8846,7.8774,7.8782,360.91
1549600200.0,7.8827,7.8828,7.8619,7.8619,2422.59
1549600260.0,7.8623,7.8704,7.8621,7.8632,409.13
1549600320.0,7.8632,7.8677,7.862,7.8675,794.85
1549600380.0,7.8675,7.8675,7.862,7.8638,1363.45
1549600440.0,7.8665,7.8665,7.862,7.862,1410.76
1549600500.0,7.862,7.8664,7.8619,7.862,872.95
1549600560.0,7.8665,7.8665,7.841,7.8479,3614.45
1549600620.0,7.8411,7.8734,7.841,7.873,3217.6
1549600680.0,7.8715,7.872,7.8649,7.865,886.17
1549600740.0,7.8617,7.8651,7.8551,7.8634,1087.44
1549600800.0,7.8631,7.8855,7.8573,7.8795,1007.39
1549600860.0,7.8856,7.9048,7.8856,7.9048,1253.03
1549600920.0,7.9031,7.9318,7.9002,7.9253,3820.41
1549600980.0,7.9254,7.9343,7.9253,7.934,3092.81
1549601040.0,7.9338,7.943,7.9338,7.9375,1212.85
1549601100.0,7.94,7.9745,7.94,7.973,3755.3
1549601160.0,7.9726,7.9823,7.9697,7.9748,1819.59
1549601220.0,7.9728,7.9746,7.9539,7.9678,1266.01
1549601280.0,7.967,7.9678,7.938,7.938,3475.06
1549601340.0,7.9356,7.9408,7.9259,7.9337,1332.96
1549601400.0,7.9266,7.9348,7.9265,7.9314,882.71
1549601460.0,7.9313,7.9314,7.9211,7.9264,1297.22
1549601520.0,7.9265,7.9266,7.9262,7.9262,647.01
1549601580.0,7.9243,7.9655,7.9183,7.9579,6964.2
1549601640.0,7.9577,7.9578,7.9255,7.9255,3636.5
1549601700.0,7.925,7.9368,7.9201,7.9368,898.96
1549601760.0,7.9358,7.953,7.9268,7.953,1647.26
1549601820.0,7.953,7.953,7.9434,7.9458,1827.2
1549601880.0,7.9525,7.9558,7.9525,7.9558,1025.83
1549601940.0,7.9559,7.9603,7.9528,7.9595,1402.72
1549602000.0,7.9593,7.965,7.9409,7.9502,1974.74
1549602060.0,7.9411,7.9642,7.9405,7.9642,1942.8
1549602120.0,7.9594,7.9594,7.94,7.9404,1455.18
1549602180.0,7.9406,7.9477,7.9329,7.9381,1382.31
1549602240.0,7.9354,7.9509,7.9316,7.9509,2071.46
1549602300.0,7.9558,7.9692,7.9538,7.9691,2221.09
1549602360.0,7.969,7.97,7.9453,7.9542,1820.96
1549602420.0,7.9539,7.9572,7.9456,7.9472,1449.58
1549602480.0,7.9532,7.969,7.9528,7.9528,1510.92
1549602540.0,7.9613,7.9703,7.9586,7.9703,2331.29
1549602600.0,7.9643,7.9697,7.9556,7.9611,1757.74
1549602660.0,7.9652,7.9652,7.9614,7.9624,1467.84
1549602720.0,7.9681,7.9704,7.964,7.9654,3031.54
1549602780.0,7.9707,7.9789,7.9654,7.9789,2805.9
1549602840.0,7.9797,7.982,7.9752,7.9815,944.83
1549602900.0,7.9807,7.9869,7.9704,7.978,2010.76
1549602960.0,7.9714,7.9714,7.9569,7.9683,2451.8
1549603020.0,7.9684,7.9753,7.9683,7.9701,1628.63
1549603080.0,7.9698,7.9779,7.9697,7.9779,1326.32
1549603140.0,7.973,7.987,7.973,7.9851,1038.03
1549603200.0,7.9847,7.9859,7.967,7.9735,1861.08
1549603260.0,7.986,8.001,7.9834,8.0009,6099.24
1549603320.0,7.9953,8.006,7.9931,8.0059,4223.04
1549603380.0,8.0081,8.0204,8.0007,8.02,4011.66
1549603440.0,8.0134,8.029,8.0079,8.0259,3169.79
1549603500.0,8.026,8.03,8.0224,8.0246,3228.83
1549603560.0,8.0299,8.04,8.0247,8.0393,1658.61
1549603620.0,8.0395,8.05,8.0355,8.0478,2227.53
1549603680.0,8.05,8.0653,8.0499,8.0653,3239.63
1549603740.0,8.064,8.0742,8.0604,8.0741,2323.98
1549603800.0,8.0673,8.0743,8.0318,8.0365,8904.26
1549603860.0,8.0366,8.0431,8.0224,8.0283,3468.37
1549603920.0,8.0309,8.041,8.0205,8.0351,4211.03
1549603980.0,8.0354,8.0611,8.0252,8.0379,7360.26
1549604040.0,8.0377,8.067,8.0307,8.067,3098.24
1549604100.0,8.0711,8.0812,8.0711,8.0812,5481.61
1549604160.0,8.082,8.0945,8.0796,8.0878,6193.99
1549604220.0,8.0844,8.1075,8.0818,8.0962,8593.53
1549604280.0,8.097,8.11,8.0969,8.1095,3203.17
1549604340.0,8.1095,8.1157,8.105,8.1157,2950.86
1549604400.0,8.1158,8.1235,8.1158,8.123,4703.27
1549604460.0,8.1226,8.135,8.1226,8.1327,4138.84
1549604520.0,8.1331,8.1331,8.1102,8.1136,7298.11
1549604580.0,8.1157,8.1229,8.1102,8.1115,5659.25
1549604640.0,8.1102,8.1225,8.1025,8.1225,4042.35
1549604700.0,8.1198,8.1308,8.1025,8.1025,4535.36
1549604760.0,8.1003,8.1048,8.0743,8.0743,7862.4
1549604820.0,8.0727,8.0727,8.0584,8.0586,5386.2
1549604880.0,8.0652,8.0948,8.0586,8.09,4807.21
1549604940.0,8.095,8.0958,8.0873,8.0926,1290.84
1549605000.0,8.0873,8.0873,8.0689,8.0791,1904.95
1549605060.0,8.0782,8.0789,8.0586,8.0646,1765.16
1549605120.0,8.0587,8.0843,8.0586,8.064,4097.62
1549605180.0,8.075,8.075,8.0588,8.0678,830.11
1549605240.0,8.0597,8.0707,8.0551,8.0705,1308.09
1549605300.0,8.0706,8.0776,8.0697,8.07,1281.28
1549605360.0,8.0711,8.082,8.07,8.0727,8882.09
1549605420.0,8.0728,8.0784,8.0723,8.0784,360.16
1549605480.0,8.0783,8.11,8.0782,8.0995,7474.56
1549605540.0,8.1,8.1,8.0828,8.0832,1470.01
1549605600.0,8.0938,8.0941,8.05,8.05,5742.52
1549605660.0,8.05,8.05,8.0163,8.0164,10116.32
1549605720.0,8.0178,8.0232,8.0166,8.0231,716.93
1549605780.0,8.0232,8.0401,8.0223,8.0314,2101.8
1549605840.0,8.0314,8.0428,8.0299,8.0311,1044.35
1549605900.0,8.0311,8.0369,8.0268,8.032,1170.19
1549605960.0,8.0411,8.0428,8.0314,8.0425,2975.87
1549606020.0,8.0366,8.05,8.0365,8.05,1114.66
1549606080.0,8.05,8.0556,8.0483,8.0556,1159.62
1549606140.0,8.0492,8.0631,8.0491,8.0575,1860.45
1549606200.0,8.0607,8.0608,8.0507,8.0547,1173.63
1549606260.0,8.0586,8.0586,8.0345,8.0354,732.92
1549606320.0,8.0354,8.0403,8.0325,8.0352,889.85
1549606380.0,8.0331,8.0366,8.0324,8.0366,1673.47
1549606440.0,8.0397,8.0489,8.025,8.025,1165.97
1549606500.0,8.0275,8.0275,8.016,8.016,1382.65
1549606560.0,8.0209,8.0245,8.0164,8.0245,1145.29
1549606620.0,8.0245,8.0428,8.024,8.0371,2144.11
1549606680.0,8.0376,8.0426,8.0311,8.0311,1757.63
1549606740.0,8.0313,8.0461,8.0313,8.0461,1939.92
1549606800.0,8.0461,8.05,8.0428,8.0457,968.38
1549606860.0,8.0408,8.0446,8.0342,8.0342,792.31
1549606920.0,8.0441,8.0441,8.034,8.0398,1245.11
1549606980.0,8.0398,8.0446,8.0371,8.0446,2368.75
1549607040.0,8.0431,8.0431,8.0347,8.0365,864.01
1549607100.0,8.0394,8.0394,8.0313,8.0345,2995.63
1549607160.0,8.0335,8.05,8.0335,8.0367,4150.72
1549607220.0,8.0394,8.0426,8.0371,8.0374,1061.29
1549607280.0,8.037,8.0421,8.0368,8.0415,1884.82
1549607340.0,8.041,8.041,8.0313,8.0349,3188.76
1549607400.0,8.0313,8.0361,8.0265,8.0265,2234.38
1549607460.0,8.03,8.0344,8.0269,8.0344,715.62
1549607520.0,8.0391,8.0448,8.0357,8.0412,2102.39
1549607580.0,8.0428,8.0457,8.0376,8.0397,3094.49
1549607640.0,8.0376,8.0399,8.0312,8.0359,3615.7
1549607700.0,8.0369,8.0429,8.0346,8.0362,2177.35
1549607760.0,8.0361,8.0416,8.0352,8.0352,1200.09
1549607820.0,8.0396,8.0431,8.0352,8.0378,1618.87
1549607880.0,8.0387,8.0476,8.0386,8.047,200.87
1549607940.0,8.0407,8.0468,8.0404,8.0435,1958.67
1549608000.0,8.0432,8.046,8.0401,8.0436,1525.1
1549608060.0,8.0441,8.048,8.0439,8.048,1133.7
1549608120.0,8.048,8.0574,8.0469,8.0574,1869.89
1549608180.0,8.0544,8.0714,8.0537,8.0714,5128.68
1549608240.0,8.0717,8.0998,8.0714,8.0901,4820.73
1549608300.0,8.0911,8.1122,8.091,8.1122,4555.74
1549608360.0,8.1135,8.1149,8.0873,8.0922,5472.91
1549608420.0,8.0841,8.0903,8.0841,8.0852,1107.12
1549608480.0,8.0854,8.0967,8.0854,8.0896,1330.75
1549608540.0,8.0953,8.1183,8.0953,8.1113,4227.07
1549608600.0,8.1153,8.1154,8.1071,8.1093,1819.11
1549608660.0,8.1093,8.1134,8.1089,8.1126,1322.4
1549608720.0,8.1135,8.1135,8.0911,8.0911,1834.78
1549608780.0,8.0984,8.1034,8.0879,8.1034,3946.03
1549608840.0,8.1008,8.1155,8.1008,8.1155,3141.41
1549608900.0,8.1149,8.1151,8.11,8.1101,3156.34
1549608960.0,8.11,8.12,8.1087,8.113,11893.53
1549609020.0,8.1072,8.1072,8.103,8.103,1021.72
1549609080.0,8.1,8.1013,8.0924,8.0978,2221.78
1549609140.0,8.0922,8.0976,8.0921,8.0973,1084.17
1549609200.0,8.0908,8.0939,8.0882,8.0886,2213.82
1549609260.0,8.0909,8.0939,8.0857,8.0857,920.92
1549609320.0,8.0848,8.089,8.0848,8.0889,1960.68
1549609380.0,8.0891,8.0934,8.0891,8.09,1886.35
1549609440.0,8.0878,8.0878,8.075,8.0818,2364.16
1549609500.0,8.0848,8.0892,8.0717,8.0718,2015.82
1549609560.0,8.0718,8.0941,8.0717,8.0821,1746.08
1549609620.0,8.0872,8.0896,8.0825,8.0832,590.17
1549609680.0,8.0896,8.0896,8.0614,8.0691,2163.89
1549609740.0,8.0727,8.0727,8.0585,8.0599,1495.89
1549609800.0,8.0625,8.0672,8.0481,8.0509,979.34
1549609860.0,8.0512,8.0641,8.0488,8.0589,2253.1
1549609920.0,8.0588,8.0629,8.0469,8.0629,1516.16
1549609980.0,8.0627,8.0627,8.0464,8.0464,719.63
1549610040.0,8.0528,8.0529,8.0461,8.0522,1492.94
1549610100.0,8.0522,8.0583,8.0484,8.0541,1144.87
1549610160.0,8.0486,8.0547,8.0461,8.0529,1862.15
1549610220.0,8.0529,8.0548,8.0475,8.0476,2300.48
1549610280.0,8.0533,8.0562,8.0445,8.0502,4234.77
1549610340.0,8.0526,8.0621,8.0526,8.0563,976.62
1549610400.0,8.0581,8.0668,8.0581,8.064,1428.96
1549610460.0,8.0683,8.0715,8.0634,8.0642,1021.12
1549610520.0,8.0665,8.0715,8.0507,8.0507,2299.4
1549610580.0,8.0563,8.0621,8.0452,8.0459,909.51
1549610640.0,8.0566,8.06,8.0558,8.06,354.86
1549610700.0,8.0671,8.0745,8.0414,8.0521,3882.03
1549610760.0,8.0497,8.0497,8.031,8.0396,2029.55
1549610820.0,8.0394,8.0493,8.031,8.0492,2410.15
1549610880.0,8.0492,8.0551,8.0473,8.0499,1237.15
1549610940.0,8.0413,8.0415,8.031,8.031,2450.28
1549611000.0,8.0384,8.0384,8.0235,8.0235,3807.77
1549611060.0,8.0287,8.0287,7.9925,7.9998,7192.27
1549611120.0,7.9995,8.0175,7.9995,8.0086,3300.44
1549611180.0,8.0096,8.0272,7.9955,8.0272,2988.48
1549611240.0,8.03,8.04,8.0215,8.0221,1379.05
1549611300.0,8.0286,8.0412,8.0286,8.0412,1554.42
1549611360.0,8.0392,8.0392,7.98,8.0041,5124.82
1549611420.0,8.0081,8.014,7.9906,7.9996,2173.28
1549611480.0,7.9942,8.0313,7.9936,8.0207,4993.2
1549611540.0,8.034,8.034,8.0273,8.0292,1752.86
1549611600.0,8.033,8.033,7.9821,7.9839,3195.9
1549611660.0,8.0023,8.0024,7.9909,8.0011,1092.42
1549611720.0,8.0055,8.0141,8.0,8.0128,1308.65
1549611780.0,8.0089,8.0172,7.9962,7.9962,2558.0
1549611840.0,7.9974,8.0047,7.9974,8.0008,506.94
1549611900.0,8.0043,8.0044,7.9908,7.9951,700.14
1549611960.0,7.9969,8.0056,7.9969,8.0023,1078.32
1549612020.0,8.0022,8.0029,8.0,8.0,1941.07
1549612080.0,8.0027,8.0056,8.0,8.0056,1326.63
1549612140.0,8.007,8.0086,8.0026,8.0026,1813.98
1549612200.0,8.0026,8.0098,8.0026,8.0049,3184.55
1549612260.0,8.005,8.005,8.0012,8.0032,1780.1
1549612320.0,8.0013,8.0017,7.9945,8.0013,1200.64
1549612380.0,8.0009,8.0133,7.9955,8.0125,2682.58
1549612440.0,8.0124,8.0124,7.9988,8.0024,2057.28
1549612500.0,8.0033,8.0033,7.9956,8.0004,3510.86
1549612560.0,8.0,8.0,7.9908,7.9908,2756.71
1549612620.0,7.9994,8.0001,7.9926,7.9962,1629.67
1549612680.0,7.9996,7.9996,7.9928,7.9996,2044.88
1549612740.0,7.9931,7.9999,7.9926,7.9932,842.1
1549612800.0,7.9972,8.0156,7.9933,8.007,5505.46
1549612860.0,8.0147,8.0192,8.0072,8.0192,1608.4
1549612920.0,8.0194,8.0277,8.0154,8.022,2127.83
1549612980.0,8.0221,8.0233,8.0023,8.0082,3821.0
1549613040.0,8.0082,8.0117,8.0042,8.0111,1585.68
1549613100.0,8.0185,8.02,8.0184,8.0188,1051.67
1549613160.0,8.0187,8.0414,8.0187,8.0414,2760.23
1549613220.0,8.0414,8.0553,8.0373,8.0435,676.05
1549613280.0,8.0536,8.0552,8.0349,8.0409,1266.34
1549613340.0,8.043,8.0458,8.0144,8.0219,2788.36
1549613400.0,8.0219,8.0366,8.0142,8.0355,2187.44
1549613460.0,8.0277,8.0682,8.0277,8.0595,2236.57
1549613520.0,8.0555,8.0595,8.0357,8.038,1810.24
1549613580.0,8.0431,8.0541,8.038,8.0473,2473.04
1549613640.0,8.0525,8.0525,8.0431,8.0489,66.08
1549613700.0,8.0407,8.043,8.0381,8.0381,1259.4
1549613760.0,8.0431,8.0431,8.0354,8.039,1188.69
1549613820.0,8.0422,8.0422,8.0319,8.0321,2792.68
1549613880.0,8.0321,8.0394,8.0321,8.0362,2121.37
1549613940.0,8.0353,8.0457,8.0353,8.0395,952.22
1549614000.0,8.04,8.0495,8.0399,8.0423,979.41
1549614060.0,8.0424,8.0463,8.0355,8.0362,489.84
1549614120.0,8.0366,8.0434,8.0363,8.0385,1006.79
1549614180.0,8.039,8.042,8.0355,8.0399,708.82
1549614240.0,8.046,8.0488,8.0357,8.0488,1329.45
1549614300.0,8.05,8.0554,8.0471,8.0471,1153.92
1549614360.0,8.0372,8.0449,8.015,8.0243,8768.93
1549614420.0,8.0202,8.0266,8.014,8.0209,1662.62
1549614480.0,8.0207,8.0708,8.0207,8.0569,3882.02
1549614540.0,8.0604,8.0606,8.0522,8.0598,1671.89
1549614600.0,8.0621,8.07,8.0513,8.0698,2584.77
1549614660.0,8.0697,8.07,8.0584,8.0584,1783.78
1549614720.0,8.0531,8.0626,8.0509,8.0626,1879.45
1549614780.0,8.0662,8.0668,8.0617,8.0625,2958.52
1549614840.0,8.0625,8.0649,8.0513,8.0583,1065.55
1549614900.0,8.0601,8.0647,8.05,8.05,2762.36
1549614960.0,8.05,8.0594,8.036,8.0497,4614.75
1549615020.0,8.0456,8.0456,8.0277,8.0382,2211.27
1549615080.0,8.0382,8.0723,8.0354,8.0707,5788.01
1549615140.0,8.0679,8.0679,8.051,8.051,2421.37
1549615200.0,8.051,8.051,8.0414,8.0497,1410.32
1549615260.0,8.0506,8.0506,8.0401,8.0478,1730.05
1549615320.0,8.0506,8.0627,8.0506,8.0542,1165.8
1549615380.0,8.0612,8.0612,8.0393,8.0438,3602.3
1549615440.0,8.0444,8.0544,8.0444,8.0479,1543.18
1549615500.0,8.0524,8.0597,8.045,8.057,5379.12
1549615560.0,8.0559,8.0583,8.0438,8.0439,2489.73
1549615620.0,8.0489,8.06,8.0487,8.0533,1389.35
1549615680.0,8.0535,8.0667,8.0534,8.0627,2560.16
1549615740.0,8.0627,8.063,8.0436,8.0486,1283.14
1549615800.0,8.0512,8.0713,8.0459,8.0713,3725.74
1549615860.0,8.0715,8.0886,8.0698,8.0886,5039.94
1549615920.0,8.0896,8.0933,8.0769,8.0903,6799.02
1549615980.0,8.0933,8.1,8.0857,8.0942,8846.97
1549616040.0,8.0856,8.0891,8.0761,8.0856,2644.96
1549616100.0,8.0856,8.0874,8.0638,8.0679,4212.57
1549616160.0,8.0679,8.0757,8.0542,8.0542,4065.64
1549616220.0,8.0597,8.0669,8.04,8.0447,5876.54
1549616280.0,8.0424,8.0545,8.041,8.0545,4915.0
1549616340.0,8.0535,8.059,8.0519,8.0575,3746.55
1549616400.0,8.0579,8.0861,8.0579,8.0795,3322.32
1549616460.0,8.0796,8.0974,8.0711,8.0974,6042.1
1549616520.0,8.0945,8.1064,8.0884,8.0884,9741.01
1549616580.0,8.0935,8.0962,8.075,8.0877,3051.94
1549616640.0,8.0893,8.1032,8.076,8.0927,11382.82
1549616700.0,8.1045,8.1234,8.0865,8.1234,6237.06
1549616760.0,8.1132,8.1231,8.1041,8.1208,3071.89
1549616820.0,8.1207,8.1235,8.1112,8.1235,2759.04
1549616880.0,8.1226,8.1749,8.1213,8.166,17535.74
1549616940.0,8.166,8.179,8.1531,8.17,8468.61
1549617000.0,8.1749,8.1749,8.1533,8.1748,7640.72
1549617060.0,8.1723,8.1916,8.17,8.1889,12625.75
1549617120.0,8.1825,8.1885,8.1705,8.1785,6151.66
1549617180.0,8.1725,8.1813,8.1522,8.1609,5844.69
1549617240.0,8.1606,8.178,8.156,8.178,6758.06
1549617300.0,8.1774,8.1867,8.1657,8.186,8110.72
1549617360.0,8.186,8.1888,8.1794,8.1862,5825.37
1549617420.0,8.1868,8.1978,8.1756,8.1756,5042.38
1549617480.0,8.1756,8.1805,8.1615,8.1615,4838.4
1549617540.0,8.1655,8.17,8.1543,8.1653,5997.67
1549617600.0,8.1647,8.1648,8.1487,8.1487,4643.84
1549617660.0,8.1459,8.15,8.1231,8.1365,6046.77
1549617720.0,8.13,8.1301,8.0974,8.0974,6475.71
1549617780.0,8.0994,8.1428,8.0902,8.1407,7146.57
1549617840.0,8.1407,8.1424,8.1255,8.1255,4440.49
1549617900.0,8.1263,8.15,8.12,8.1355,8838.47
1549617960.0,8.1205,8.1205,8.095,8.1034,8682.88
1549618020.0,8.0946,8.1261,8.0926,8.1246,6228.64
1549618080.0,8.1295,8.1332,8.1162,8.1209,6793.44
1549618140.0,8.1209,8.1233,8.1141,8.1212,5770.69
1549618200.0,8.1212,8.1388,8.1212,8.1376,6336.96
1549618260.0,8.1332,8.1369,8.1277,8.1277,4910.63
1549618320.0,8.1277,8.13,8.1103,8.1136,6694.66
1549618380.0,8.1159,8.1242,8.1022,8.1069,4100.17
1549618440.0,8.1019,8.1093,8.0898,8.0944,4861.63
1549618500.0,8.0959,8.123,8.0912,8.1217,4734.49
1549618560.0,8.1184,8.1224,8.1058,8.12,4355.81
1549618620.0,8.1198,8.1235,8.1148,8.1166,6339.19
1549618680.0,8.1165,8.1195,8.1049,8.1153,3971.49
1549618740.0,8.1153,8.12,8.1072,8.1149,5194.29
1549618800.0,8.1095,8.1237,8.1094,8.1237,3152.64
1549618860.0,8.1201,8.1201,8.107,8.1147,6655.67
1549618920.0,8.1116,8.1198,8.1097,8.1175,3375.39
1549618980.0,8.1171,8.125,8.1115,8.1176,772.23
1549619040.0,8.1264,8.1323,8.1123,8.1221,4968.82
1549619100.0,8.1266,8.1299,8.1225,8.1261,2886.2
1549619160.0,8.1233,8.1244,8.1182,8.1199,3944.73
1549619220.0,8.1272,8.1299,8.116,8.1269,3425.06
1549619280.0,8.1264,8.1274,8.121,8.1211,2283.89
1549619340.0,8.1179,8.1179,8.1142,8.1173,2304.72
1549619400.0,8.1149,8.1214,8.1085,8.1141,6134.92
1549619460.0,8.1141,8.1212,8.1141,8.121,3838.33
1549619520.0,8.121,8.121,8.1141,8.1196,6216.94
1549619580.0,8.1141,8.1178,8.1101,8.1176,6173.99
1549619640.0,8.1121,8.1147,8.111,8.111,2543.94
1549619700.0,8.1092,8.1131,8.107,8.107,3552.87
1549619760.0,8.1072,8.1342,8.1072,8.113,8040.18
1549619820.0,8.1131,8.1208,8.113,8.1207,4326.43
1549619880.0,8.1236,8.13,8.1134,8.1182,2088.45
1549619940.0,8.1182,8.1182,8.11,8.1143,1637.07
1549620000.0,8.1178,8.133,8.1178,8.1239,4899.19
1549620060.0,8.1216,8.1216,8.1145,8.1209,2804.49
1549620120.0,8.1207,8.1294,8.1122,8.1294,5360.93
1549620180.0,8.1215,8.1298,8.1208,8.1278,3970.77
1549620240.0,8.1232,8.1277,8.1171,8.1172,3477.15
1549620300.0,8.123,8.1244,8.119,8.1244,1583.03
1549620360.0,8.1295,8.1295,8.1161,8.1216,3321.48
1549620420.0,8.1162,8.1337,8.1162,8.1304,4794.01
1549620480.0,8.1226,8.1337,8.1223,8.13,5184.94
1549620540.0,8.1324,8.1337,8.1263,8.1269,2372.28
1549620600.0,8.1246,8.1337,8.1207,8.1337,1547.87
1549620660.0,8.1337,8.141,8.128,8.1343,5010.45
1549620720.0,8.1292,8.137,8.1232,8.1283,5811.34
1549620780.0,8.1276,8.1307,8.125,8.13,2549.62
1549620840.0,8.1275,8.1372,8.1275,8.1332,944.54
1549620900.0,8.1388,8.1425,8.1371,8.1425,2969.59
1549620960.0,8.1428,8.1459,8.1413,8.1457,3426.22
1549621020.0,8.1478,8.152,8.1455,8.151,2786.97
1549621080.0,8.1459,8.1463,8.1335,8.1335,3715.95
1549621140.0,8.1335,8.1401,8.1275,8.1401,4361.18
1549621200.0,8.1401,8.149,8.1372,8.1438,2380.09
1549621260.0,8.1488,8.1517,8.1303,8.1517,3122.59
1549621320.0,8.1503,8.1579,8.1502,8.1529,6308.52
1549621380.0,8.1529,8.162,8.1524,8.162,1270.55
1549621440.0,8.1673,8.1695,8.149,8.1618,6426.38
1549621500.0,8.1619,8.1759,8.1619,8.1759,2737.44
1549621560.0,8.1744,8.1834,8.1743,8.1834,2815.91
1549621620.0,8.1834,8.185,8.1786,8.1812,1946.18
1549621680.0,8.184,8.1899,8.1819,8.1899,1550.95
1549621740.0,8.1855,8.1914,8.1854,8.19,3698.57
1549621800.0,8.19,8.198,8.1871,8.1907,2518.66
1549621860.0,8.1908,8.1908,8.1839,8.1899,2613.49
1549621920.0,8.1899,8.1994,8.1899,8.1994,1919.78
1549621980.0,8.1994,8.2125,8.1993,8.21,16702.16
1549622040.0,8.2124,8.2124,8.1622,8.1622,8758.66
1549622100.0,8.1609,8.1706,8.15,8.15,4594.22
1549622160.0,8.1534,8.1603,8.1406,8.1406,3580.53
1549622220.0,8.1401,8.1453,8.1333,8.1396,3143.64
1549622280.0,8.1316,8.1723,8.1303,8.1723,4245.03
1549622340.0,8.1727,8.1813,8.17,8.1702,4868.95
1549622400.0,8.172,8.175,8.15,8.1538,3657.76
1549622460.0,8.1525,8.1575,8.1525,8.1575,2529.77
1549622520.0,8.1569,8.1569,8.1514,8.152,3022.52
1549622580.0,8.1566,8.1569,8.1514,8.1565,3320.57
1549622640.0,8.1566,8.1683,8.1536,8.1603,2414.84
1549622700.0,8.1641,8.175,8.164,8.175,2411.54
1549622760.0,8.1752,8.195,8.1751,8.1753,3354.43
1549622820.0,8.18,8.1869,8.1753,8.1788,1448.31
1549622880.0,8.1778,8.1897,8.1778,8.1897,3601.44
1549622940.0,8.1869,8.1988,8.1864,8.1988,1593.37
1549623000.0,8.1924,8.2014,8.1923,8.2014,4227.51
1549623060.0,8.2032,8.225,8.2006,8.223,5418.8
1549623120.0,8.2266,8.2366,8.2177,8.2325,7141.74
1549623180.0,8.2327,8.24,8.2313,8.2346,2940.4
1549623240.0,8.2347,8.24,8.2082,8.22,5867.91
1549623300.0,8.22,8.24,8.22,8.2381,4681.82
1549623360.0,8.2322,8.2398,8.2319,8.233,2971.98
1549623420.0,8.233,8.2378,8.23,8.2357,3428.99
1549623480.0,8.2357,8.2358,8.2116,8.2238,3535.21
1549623540.0,8.2237,8.247,8.2237,8.247,6000.06
1549623600.0,8.2457,8.26,8.2457,8.2576,4363.94
1549623660.0,8.2576,8.28,8.2576,8.28,6417.64
1549623720.0,8.2809,8.3029,8.28,8.2958,18242.51
1549623780.0,8.2962,8.3039,8.296,8.299,5822.63
1549623840.0,8.2991,8.31,8.2991,8.3048,5573.58
1549623900.0,8.3048,8.3099,8.2486,8.2597,10188.26
1549623960.0,8.2609,8.2635,8.2264,8.2389,4127.96
1549624020.0,8.2388,8.2842,8.2317,8.2842,4554.96
1549624080.0,8.2868,8.3033,8.273,8.273,5611.86
1549624140.0,8.2774,8.2774,8.2439,8.2439,3607.61
1549624200.0,8.2562,8.2808,8.2382,8.2808,2228.86
1549624260.0,8.2836,8.2979,8.2634,8.2691,4887.27
1549624320.0,8.2695,8.2851,8.2634,8.285,3922.93
1549624380.0,8.285,8.2999,8.2756,8.2973,7567.91
1549624440.0,8.2931,8.2998,8.2931,8.2934,2196.77
1549624500.0,8.2973,8.299,8.2846,8.2936,2292.61
1549624560.0,8.2899,8.2934,8.2619,8.2652,5794.44
1549624620.0,8.2697,8.2772,8.2646,8.265,1784.59
1549624680.0,8.2717,8.28,8.2684,8.274,6254.0
1549624740.0,8.2768,8.2768,8.2562,8.2627,4184.09
1549624800.0,8.2562,8.273,8.2502,8.2685,4104.56
1549624860.0,8.2636,8.2714,8.2553,8.2662,2251.54
1549624920.0,8.2662,8.2662,8.2503,8.2505,3620.33
1549624980.0,8.2506,8.2667,8.2503,8.2503,3877.83
1549625040.0,8.2503,8.2583,8.2503,8.2552,1253.69
1549625100.0,8.2519,8.2519,8.2268,8.2268,3840.67
1549625160.0,8.235,8.2351,8.2165,8.2185,3202.19
1549625220.0,8.2222,8.2298,8.2052,8.2087,3938.52
1549625280.0,8.2053,8.21,8.1906,8.1999,2514.01
1549625340.0,8.1964,8.2,8.194,8.1943,2869.18
1549625400.0,8.1942,8.225,8.1942,8.225,4243.32
1549625460.0,8.2205,8.2257,8.2162,8.2167,4412.43
1549625520.0,8.2168,8.248,8.2167,8.2388,4612.05
1549625580.0,8.242,8.248,8.2216,8.2216,3050.93
1549625640.0,8.2226,8.2261,8.2028,8.2151,3618.14
1549625700.0,8.2196,8.2315,8.2152,8.2152,4191.37
1549625760.0,8.2107,8.2151,8.2052,8.2052,1815.31
1549625820.0,8.2052,8.2052,8.1956,8.1987,3237.49
1549625880.0,8.1959,8.1959,8.1613,8.1654,6881.38
1549625940.0,8.1702,8.1758,8.1489,8.1489,7162.45
1549626000.0,8.1476,8.1499,8.1332,8.1449,2791.66
1549626060.0,8.1446,8.1761,8.1433,8.1575,7279.57
1549626120.0,8.1511,8.1688,8.151,8.1587,2843.59
1549626180.0,8.1618,8.1721,8.1618,8.1679,1040.48
1549626240.0,8.1707,8.1846,8.1704,8.1846,2694.07
1549626300.0,8.1785,8.1846,8.1675,8.1749,3385.27
1549626360.0,8.1648,8.18,8.1627,8.18,1661.6
1549626420.0,8.1847,8.1848,8.1705,8.1774,1020.3
1549626480.0,8.1807,8.1936,8.1776,8.1859,1612.3
1549626540.0,8.1859,8.1859,8.1691,8.1815,4751.54
1549626600.0,8.1815,8.19,8.18,8.19,2027.78
1549626660.0,8.19,8.1979,8.169,8.1738,3577.51
1549626720.0,8.1714,8.1828,8.1713,8.1758,2715.11
1549626780.0,8.1746,8.1746,8.164,8.1706,3243.55
1549626840.0,8.1666,8.1817,8.1627,8.1817,1113.56
1549626900.0,8.1783,8.1795,8.1627,8.1627,4342.13
1549626960.0,8.1737,8.1744,8.1636,8.1714,894.39
1549627020.0,8.1667,8.1734,8.1667,8.1734,1496.83
1549627080.0,8.171,8.1711,8.1686,8.1711,1177.78
1549627140.0,8.1711,8.1863,8.1688,8.178,2656.18
1549627200.0,8.1813,8.1896,8.1636,8.1709,2347.53
1549627260.0,8.165,8.1674,8.1484,8.1492,8387.79
1549627320.0,8.1459,8.1486,8.1401,8.144,1112.26
1549627380.0,8.1427,8.1614,8.1374,8.1613,5014.24
1549627440.0,8.1609,8.175,8.15,8.175,2180.48
1549627500.0,8.1694,8.1695,8.1482,8.1483,5370.39
1549627560.0,8.1575,8.1688,8.156,8.1604,4055.04
1549627620.0,8.1634,8.1676,8.1578,8.1676,4174.33
1549627680.0,8.1589,8.1782,8.1585,8.1758,3129.41
1549627740.0,8.1781,8.18,8.1594,8.18,3192.5
1549627800.0,8.1726,8.1925,8.1726,8.1801,3547.62
1549627860.0,8.1797,8.1857,8.1797,8.1844,2821.1
1549627920.0,8.1846,8.1846,8.1766,8.1823,1906.91
1549627980.0,8.1824,8.1824,8.1752,8.1752,32.69
